~o
<STREAMINFO> 1 25
<VECSIZE> 25<NULLD><MFCC_D_N_Z_0><DIAGC>
~t "T_E"
<TRANSP> 5
 0.000000e+00 1.000000e+00 0.000000e+00 0.000000e+00 0.000000e+00
 0.000000e+00 3.999924e-01 6.000076e-01 0.000000e+00 0.000000e+00
 0.000000e+00 0.000000e+00 2.499546e-01 7.500454e-01 0.000000e+00
 0.000000e+00 0.000000e+00 0.000000e+00 6.668025e-01 3.331975e-01
 0.000000e+00 0.000000e+00 0.000000e+00 0.000000e+00 0.000000e+00
~t "T_a"
<TRANSP> 5
 0.000000e+00 1.000000e+00 0.000000e+00 0.000000e+00 0.000000e+00
 0.000000e+00 4.541667e-01 5.458333e-01 0.000000e+00 0.000000e+00
 0.000000e+00 0.000000e+00 6.616950e-01 3.383050e-01 0.000000e+00
 0.000000e+00 0.000000e+00 0.000000e+00 5.197687e-01 4.802313e-01
 0.000000e+00 0.000000e+00 0.000000e+00 0.000000e+00 0.000000e+00
~t "T_b"
<TRANSP> 5
 0.000000e+00 1.000000e+00 0.000000e+00 0.000000e+00 0.000000e+00
 0.000000e+00 6.000000e-01 4.000000e-01 0.000000e+00 0.000000e+00
 0.000000e+00 0.000000e+00 6.000000e-01 4.000000e-01 0.000000e+00
 0.000000e+00 0.000000e+00 0.000000e+00 7.000000e-01 3.000000e-01
 0.000000e+00 0.000000e+00 0.000000e+00 0.000000e+00 0.000000e+00
~t "T_d"
<TRANSP> 5
 0.000000e+00 1.000000e+00 0.000000e+00 0.000000e+00 0.000000e+00
 0.000000e+00 6.000000e-01 4.000000e-01 0.000000e+00 0.000000e+00
 0.000000e+00 0.000000e+00 6.000000e-01 4.000000e-01 0.000000e+00
 0.000000e+00 0.000000e+00 0.000000e+00 7.000000e-01 3.000000e-01
 0.000000e+00 0.000000e+00 0.000000e+00 0.000000e+00 0.000000e+00
~t "T_e"
<TRANSP> 5
 0.000000e+00 1.000000e+00 0.000000e+00 0.000000e+00 0.000000e+00
 0.000000e+00 4.000018e-01 5.999982e-01 0.000000e+00 0.000000e+00
 0.000000e+00 0.000000e+00 7.500169e-01 2.499831e-01 0.000000e+00
 0.000000e+00 0.000000e+00 0.000000e+00 9.565909e-01 4.340906e-02
 0.000000e+00 0.000000e+00 0.000000e+00 0.000000e+00 0.000000e+00
~t "T_f"
<TRANSP> 5
 0.000000e+00 1.000000e+00 0.000000e+00 0.000000e+00 0.000000e+00
 0.000000e+00 6.000000e-01 4.000000e-01 0.000000e+00 0.000000e+00
 0.000000e+00 0.000000e+00 6.000000e-01 4.000000e-01 0.000000e+00
 0.000000e+00 0.000000e+00 0.000000e+00 7.000000e-01 3.000000e-01
 0.000000e+00 0.000000e+00 0.000000e+00 0.000000e+00 0.000000e+00
~t "T_g"
<TRANSP> 5
 0.000000e+00 1.000000e+00 0.000000e+00 0.000000e+00 0.000000e+00
 0.000000e+00 8.620569e-01 1.379431e-01 0.000000e+00 0.000000e+00
 0.000000e+00 0.000000e+00 7.775337e-01 2.224663e-01 0.000000e+00
 0.000000e+00 0.000000e+00 0.000000e+00 8.333580e-01 1.666420e-01
 0.000000e+00 0.000000e+00 0.000000e+00 0.000000e+00 0.000000e+00
~t "T_h"
<TRANSP> 5
 0.000000e+00 1.000000e+00 0.000000e+00 0.000000e+00 0.000000e+00
 0.000000e+00 6.000000e-01 4.000000e-01 0.000000e+00 0.000000e+00
 0.000000e+00 0.000000e+00 6.000000e-01 4.000000e-01 0.000000e+00
 0.000000e+00 0.000000e+00 0.000000e+00 7.000000e-01 3.000000e-01
 0.000000e+00 0.000000e+00 0.000000e+00 0.000000e+00 0.000000e+00
~t "T_i"
<TRANSP> 5
 0.000000e+00 1.000000e+00 0.000000e+00 0.000000e+00 0.000000e+00
 0.000000e+00 5.656712e-01 4.343288e-01 0.000000e+00 0.000000e+00
 0.000000e+00 0.000000e+00 1.025357e-01 8.974643e-01 0.000000e+00
 0.000000e+00 0.000000e+00 0.000000e+00 5.345168e-01 4.654832e-01
 0.000000e+00 0.000000e+00 0.000000e+00 0.000000e+00 0.000000e+00
~t "T_k"
<TRANSP> 5
 0.000000e+00 1.000000e+00 0.000000e+00 0.000000e+00 0.000000e+00
 0.000000e+00 8.549376e-01 1.450624e-01 0.000000e+00 0.000000e+00
 0.000000e+00 0.000000e+00 9.343788e-01 6.562123e-02 0.000000e+00
 0.000000e+00 0.000000e+00 0.000000e+00 8.306724e-01 1.693276e-01
 0.000000e+00 0.000000e+00 0.000000e+00 0.000000e+00 0.000000e+00
~t "T_l"
<TRANSP> 5
 0.000000e+00 1.000000e+00 0.000000e+00 0.000000e+00 0.000000e+00
 0.000000e+00 6.000000e-01 4.000000e-01 0.000000e+00 0.000000e+00
 0.000000e+00 0.000000e+00 6.000000e-01 4.000000e-01 0.000000e+00
 0.000000e+00 0.000000e+00 0.000000e+00 7.000000e-01 3.000000e-01
 0.000000e+00 0.000000e+00 0.000000e+00 0.000000e+00 0.000000e+00
~t "T_m"
<TRANSP> 5
 0.000000e+00 1.000000e+00 0.000000e+00 0.000000e+00 0.000000e+00
 0.000000e+00 6.000000e-01 4.000000e-01 0.000000e+00 0.000000e+00
 0.000000e+00 0.000000e+00 6.000000e-01 4.000000e-01 0.000000e+00
 0.000000e+00 0.000000e+00 0.000000e+00 7.000000e-01 3.000000e-01
 0.000000e+00 0.000000e+00 0.000000e+00 0.000000e+00 0.000000e+00
~t "T_o"
<TRANSP> 5
 0.000000e+00 1.000000e+00 0.000000e+00 0.000000e+00 0.000000e+00
 0.000000e+00 8.305856e-01 1.694144e-01 0.000000e+00 0.000000e+00
 0.000000e+00 0.000000e+00 9.722235e-01 2.777654e-02 0.000000e+00
 0.000000e+00 0.000000e+00 0.000000e+00 4.660652e-01 5.339348e-01
 0.000000e+00 0.000000e+00 0.000000e+00 0.000000e+00 0.000000e+00
~t "T_p"
<TRANSP> 5
 0.000000e+00 1.000000e+00 0.000000e+00 0.000000e+00 0.000000e+00
 0.000000e+00 6.000000e-01 4.000000e-01 0.000000e+00 0.000000e+00
 0.000000e+00 0.000000e+00 6.000000e-01 4.000000e-01 0.000000e+00
 0.000000e+00 0.000000e+00 0.000000e+00 7.000000e-01 3.000000e-01
 0.000000e+00 0.000000e+00 0.000000e+00 0.000000e+00 0.000000e+00
~t "T_r"
<TRANSP> 5
 0.000000e+00 1.000000e+00 0.000000e+00 0.000000e+00 0.000000e+00
 0.000000e+00 1.594268e-09 1.000000e+00 0.000000e+00 0.000000e+00
 0.000000e+00 0.000000e+00 1.705480e-01 8.294520e-01 0.000000e+00
 0.000000e+00 0.000000e+00 0.000000e+00 5.452970e-01 4.547030e-01
 0.000000e+00 0.000000e+00 0.000000e+00 0.000000e+00 0.000000e+00
~t "T_s"
<TRANSP> 5
 0.000000e+00 1.000000e+00 0.000000e+00 0.000000e+00 0.000000e+00
 0.000000e+00 8.786423e-01 1.213577e-01 0.000000e+00 0.000000e+00
 0.000000e+00 0.000000e+00 7.331364e-01 2.668637e-01 0.000000e+00
 0.000000e+00 0.000000e+00 0.000000e+00 7.417203e-01 2.582797e-01
 0.000000e+00 0.000000e+00 0.000000e+00 0.000000e+00 0.000000e+00
~t "T_t"
<TRANSP> 5
 0.000000e+00 1.000000e+00 0.000000e+00 0.000000e+00 0.000000e+00
 0.000000e+00 6.664488e-01 3.335512e-01 0.000000e+00 0.000000e+00
 0.000000e+00 0.000000e+00 7.767029e-01 2.232971e-01 0.000000e+00
 0.000000e+00 0.000000e+00 0.000000e+00 7.025391e-01 2.974609e-01
 0.000000e+00 0.000000e+00 0.000000e+00 0.000000e+00 0.000000e+00
~t "T_u"
<TRANSP> 5
 0.000000e+00 1.000000e+00 0.000000e+00 0.000000e+00 0.000000e+00
 0.000000e+00 4.328782e-08 9.999999e-01 0.000000e+00 0.000000e+00
 0.000000e+00 0.000000e+00 4.286488e-01 5.713512e-01 0.000000e+00
 0.000000e+00 0.000000e+00 0.000000e+00 9.200805e-01 7.991955e-02
 0.000000e+00 0.000000e+00 0.000000e+00 0.000000e+00 0.000000e+00
~t "T_ng"
<TRANSP> 5
 0.000000e+00 1.000000e+00 0.000000e+00 0.000000e+00 0.000000e+00
 0.000000e+00 6.000000e-01 4.000000e-01 0.000000e+00 0.000000e+00
 0.000000e+00 0.000000e+00 6.000000e-01 4.000000e-01 0.000000e+00
 0.000000e+00 0.000000e+00 0.000000e+00 7.000000e-01 3.000000e-01
 0.000000e+00 0.000000e+00 0.000000e+00 0.000000e+00 0.000000e+00
~s "ST_f_2_1"
<MEAN> 25
 2.711044e-07 2.276736e-08 -6.105108e-08 -1.720701e-07 -1.586201e-07 9.768172e-08 -1.135738e-07 -1.298416e-07 7.694315e-08 -1.660590e-07 -1.083516e-07 -5.706868e-08 -2.818740e-03 -4.409721e-03 -4.277692e-03 -1.165964e-03 -3.608679e-03 5.208261e-03 -1.757075e-03 5.998432e-03 4.891248e-03 1.720927e-03 7.501529e-04 -5.307185e-03 6.137643e-03
<VARIANCE> 25
 2.670229e+01 2.794268e+01 3.749357e+01 3.307458e+01 5.256620e+01 4.928031e+01 4.561778e+01 4.954230e+01 4.604616e+01 3.096663e+01 2.869331e+01 1.969207e+01 8.024185e-01 8.637462e-01 9.762596e-01 1.208383e+00 1.860729e+00 1.938551e+00 2.342637e+00 2.054597e+00 2.126093e+00 1.768907e+00 1.840738e+00 1.505519e+00 1.027859e+00
<GCONST> 9.389127e+01
~s "ST_f_3_1"
<MEAN> 25
 2.711044e-07 2.276736e-08 -6.105108e-08 -1.720701e-07 -1.586201e-07 9.768172e-08 -1.135738e-07 -1.298416e-07 7.694315e-08 -1.660590e-07 -1.083516e-07 -5.706868e-08 -2.818740e-03 -4.409721e-03 -4.277692e-03 -1.165964e-03 -3.608679e-03 5.208261e-03 -1.757075e-03 5.998432e-03 4.891248e-03 1.720927e-03 7.501529e-04 -5.307185e-03 6.137643e-03
<VARIANCE> 25
 2.670229e+01 2.794268e+01 3.749357e+01 3.307458e+01 5.256620e+01 4.928031e+01 4.561778e+01 4.954230e+01 4.604616e+01 3.096663e+01 2.869331e+01 1.969207e+01 8.024185e-01 8.637462e-01 9.762596e-01 1.208383e+00 1.860729e+00 1.938551e+00 2.342637e+00 2.054597e+00 2.126093e+00 1.768907e+00 1.840738e+00 1.505519e+00 1.027859e+00
<GCONST> 9.389127e+01
~s "ST_f_4_1"
<MEAN> 25
 2.711044e-07 2.276736e-08 -6.105108e-08 -1.720701e-07 -1.586201e-07 9.768173e-08 -1.135738e-07 -1.298416e-07 7.694316e-08 -1.660590e-07 -1.083516e-07 -5.706868e-08 -2.818740e-03 -4.409722e-03 -4.277693e-03 -1.165964e-03 -3.608679e-03 5.208261e-03 -1.757075e-03 5.998433e-03 4.891248e-03 1.720927e-03 7.501530e-04 -5.307185e-03 6.137643e-03
<VARIANCE> 25
 2.670229e+01 2.794268e+01 3.749357e+01 3.307458e+01 5.256620e+01 4.928031e+01 4.561778e+01 4.954230e+01 4.604616e+01 3.096663e+01 2.869331e+01 1.969207e+01 8.024186e-01 8.637463e-01 9.762596e-01 1.208383e+00 1.860729e+00 1.938551e+00 2.342637e+00 2.054597e+00 2.126093e+00 1.768907e+00 1.840738e+00 1.505519e+00 1.027859e+00
<GCONST> 9.389127e+01
~s "ST_s_2_1"
<MEAN> 25
 -3.355596e+00 7.135663e-01 1.221757e+01 -1.645430e+00 -1.538986e+01 -1.317609e+01 -4.555680e+00 -1.263518e+01 -1.748177e+00 -2.544998e+00 6.078129e+00 1.086712e+00 5.326221e-01 5.322635e-02 1.389409e-01 -5.084060e-02 -4.350504e-01 1.864643e-01 -2.779689e-01 -3.495459e-01 -2.043913e-01 -2.397336e-02 3.485721e-01 -9.861413e-02 -1.213574e-01
<VARIANCE> 25
 6.090132e+01 1.925050e+01 3.684713e+01 1.386624e+01 1.058750e+02 2.321031e+01 9.736906e+01 7.108925e+01 1.951928e+01 3.564199e+01 2.854197e+01 2.427231e+01 4.519320e+00 1.704711e+00 1.843362e+00 1.941036e+00 5.593332e+00 3.450817e+00 6.906161e+00 5.093588e+00 3.078058e+00 2.340780e+00 2.771362e+00 2.147606e+00 1.478834e+00
<GCONST> 1.029718e+02
~s "ST_s_3_1"
<MEAN> 25
 3.079553e+00 2.024625e+00 1.069324e+00 -8.821923e+00 -7.228027e+00 -1.513969e-01 -3.759596e+00 -7.238499e+00 2.623766e+00 -3.201358e+00 1.584269e+00 1.781224e+00 -6.737291e-01 -3.227939e-02 -1.647261e-01 2.722859e-01 1.379111e+00 2.738796e-01 5.665244e-01 1.177653e+00 2.487687e-01 2.288038e-01 -2.686791e-01 5.553503e-01 6.978361e-02
<VARIANCE> 25
 5.748469e+01 1.670535e+01 1.314875e+02 1.450394e+02 5.355750e+01 5.122064e+01 4.761460e+01 9.128954e+01 6.799319e+01 2.347628e+01 3.406551e+01 3.439952e+01 2.926800e+00 2.651039e+00 3.545428e+00 4.422749e+00 2.360639e+00 7.645758e+00 3.836028e+00 6.645982e+00 1.925116e+00 2.201772e+00 3.819826e+00 2.083781e+00 2.448539e+00
<GCONST> 1.087528e+02
~s "ST_s_4_1"
<MEAN> 25
 -1.016045e+01 2.096934e+00 1.238113e-01 -3.449881e+00 4.651761e+00 -6.534678e+00 -7.651134e-01 1.847542e+00 5.299781e+00 3.334050e-01 -3.756145e-02 5.867281e+00 -3.348786e-01 5.849451e-02 -5.672781e-01 -2.022108e-01 1.323884e-01 -3.159505e-02 3.839312e-01 -3.587981e-01 -3.779638e-01 6.051772e-02 -5.443334e-02 2.345275e-01 9.183965e-02
<VARIANCE> 25
 7.419722e+01 2.546999e+01 4.053628e+01 1.755582e+01 6.046602e+01 3.617887e+01 7.011353e+01 4.328515e+01 3.429792e+01 2.406388e+01 1.971987e+01 2.711477e+01 3.964209e+00 1.069872e+00 1.374549e+00 6.807452e-01 2.287556e+00 2.734440e+00 5.830865e+00 2.188271e+00 2.471877e+00 1.376727e+00 2.037654e+00 2.858668e+00 1.736158e+00
<GCONST> 9.806133e+01
~s "ST_i_2_1"
<MEAN> 25
 7.858853e-01 3.215345e+00 1.029397e+00 -1.054033e+00 -1.530024e+00 -1.937592e+00 -6.686656e-01 -4.410196e-01 -3.207345e+00 5.664515e-01 -2.769392e-01 2.172873e+00 -5.352111e-01 -4.365015e-01 -1.828996e-01 2.579055e-01 8.095337e-01 -6.352640e-01 2.784164e-01 7.322237e-01 1.210430e-01 -9.468900e-02 -4.306156e-01 -3.062797e-01 -9.303423e-02
<VARIANCE> 25
 7.659509e+01 2.019687e+01 1.967941e+01 1.204411e+01 1.812400e+01 3.032148e+01 2.554162e+01 3.547535e+01 2.658204e+01 1.908058e+01 1.253772e+01 1.760713e+01 3.766168e-01 1.197055e+00 1.115506e+00 2.194527e+00 1.524425e+00 3.137320e+00 3.511186e+00 3.056074e+00 2.794295e+00 1.375735e+00 1.842057e+00 2.333875e+00 1.389046e+00
<GCONST> 9.067360e+01
~s "ST_i_3_1"
<MEAN> 25
 -4.978002e+00 3.878210e-01 4.396193e-01 -3.039270e+00 1.675494e+00 -8.191279e+00 -2.640341e+00 4.468844e+00 2.638432e+00 1.010145e+00 -1.910429e+00 3.674167e+00 -3.242638e-01 -2.542086e-01 -8.834409e-02 -2.638782e-01 9.096935e-01 -7.753103e-01 -8.106774e-01 -4.254703e-01 5.586289e-01 2.522050e-01 -3.559860e-01 -6.930507e-01 7.864318e-01
<VARIANCE> 25
 7.610553e+01 2.573391e+01 2.432300e+01 2.319942e+01 3.002666e+01 3.663120e+01 3.831366e+01 2.677922e+01 2.132737e+01 2.650413e+01 2.963771e+01 2.960269e+01 6.390867e-01 8.115818e-01 2.447554e+00 3.449250e+00 1.220388e+00 6.411343e+00 1.195040e+01 7.715186e+00 2.783108e+00 4.428442e-01 1.108315e+00 5.050842e-01 4.256836e+00
<GCONST> 9.604834e+01
~s "ST_i_4_1"
<MEAN> 25
 -6.205111e+00 2.260433e-01 1.053335e+00 -2.563052e+00 3.234120e+00 -3.491492e+00 1.400822e+00 2.135478e+00 -3.449645e-01 6.712000e-01 -2.720236e+00 1.673288e+00 5.145451e-01 4.441775e-01 -2.250232e-01 2.257120e-01 -1.738698e-01 2.065236e-01 -1.295673e-01 -6.312825e-01 -3.319054e-01 -8.863850e-02 4.344091e-01 -4.634990e-01 -2.266381e-01
<VARIANCE> 25
 6.777826e+01 1.831086e+01 1.971701e+01 7.820967e+00 1.828318e+01 3.814236e+01 4.108950e+01 1.180628e+01 1.726173e+01 1.092101e+01 1.825812e+01 2.822231e+01 8.351731e-01 5.673061e-01 2.595379e+00 2.114744e+00 1.731083e+00 1.669098e+00 6.015697e+00 5.797191e+00 1.180804e+00 1.552746e+00 1.920838e+00 1.815591e+00 2.712897e+00
<GCONST> 9.074642e+01
~s "ST_E_2_1"
<MEAN> 25
 3.488054e+00 -1.089384e+00 -1.774341e+00 -4.275187e+00 -2.885641e+00 -5.569732e+00 -2.381385e+00 9.936715e-01 -2.321702e-01 3.369882e+00 7.278645e+00 4.037759e+00 -7.965166e-01 -3.732979e-01 -2.906078e-01 5.851400e-01 -5.511323e-01 -6.524724e-01 1.107271e-01 7.275578e-01 1.172989e-01 8.392276e-01 3.688964e-01 9.026945e-01 -5.925057e-01
<VARIANCE> 25
 6.445383e+01 1.379858e+01 5.716344e+01 6.030644e+01 3.123989e+01 2.170885e+01 1.598941e+01 5.629103e+01 4.110603e+01 3.824516e+01 1.593970e+01 3.699921e+00 1.200961e+00 1.242647e-01 3.589564e-01 6.974314e-01 8.028107e-01 7.787121e+00 4.496307e-01 7.980123e-01 4.079263e-01 9.888585e-01 3.970734e-01 1.242718e+00 5.146661e-01
<GCONST> 8.088427e+01
~s "ST_E_3_1"
<MEAN> 25
 1.051123e+00 -2.457638e+00 -3.731426e+00 -1.820694e+00 -1.937799e+00 -5.192006e+00 -1.836751e+00 1.949567e+00 1.409153e+00 4.905556e+00 8.926601e+00 4.979764e+00 -1.936058e-01 1.899812e-02 -5.864112e-01 3.968962e-02 -7.206705e-01 1.497926e+00 5.726430e-01 -1.880567e-01 2.833399e-01 1.820399e-02 8.059601e-01 1.247083e+00 -4.387505e-01
<VARIANCE> 25
 7.633358e+01 1.471621e+01 6.226827e+01 1.172832e+02 1.774742e+01 3.105736e+01 1.147700e+01 8.940860e+01 2.552644e+01 5.807418e+01 4.182045e+00 2.420608e+01 3.757257e-01 2.966105e-01 7.362802e-01 2.222824e-01 3.539053e-01 2.905086e+00 2.702135e+00 7.252173e-01 1.009544e+00 7.966039e-02 4.361548e-01 6.388906e-01 4.241232e-01
<GCONST> 7.907182e+01
~s "ST_E_4_1"
<MEAN> 25
 5.692994e+00 -3.292710e+00 -1.276522e+01 -1.232884e+01 -4.054829e+00 1.470372e+00 -6.173734e+00 -4.638439e+00 4.095965e+00 -5.516049e+00 9.976445e+00 2.952391e+00 1.061324e-01 1.868987e-01 -1.829948e-01 4.250539e-01 -2.614159e-01 6.798655e-02 -1.890758e-01 1.323425e-01 3.225075e-01 2.607848e-01 -5.144702e-01 5.985214e-02 -2.049330e-02
<VARIANCE> 25
 4.653707e+01 4.249379e+00 5.386559e+01 8.122527e+01 7.834550e+00 4.213178e+01 5.472619e+01 9.564558e+01 3.711787e+00 2.973548e+01 1.656562e+01 1.444812e+01 1.722809e-01 1.318719e-01 1.741919e-01 1.804134e+00 8.533484e-01 3.683976e+00 7.311721e-01 5.689904e-01 8.358896e-01 1.709736e+00 1.515253e+00 5.020885e-01 3.363767e-02
<GCONST> 7.617967e+01
~s "ST_l_2_1"
<MEAN> 25
 2.711044e-07 2.276736e-08 -6.105108e-08 -1.720701e-07 -1.586201e-07 9.768173e-08 -1.135738e-07 -1.298416e-07 7.694315e-08 -1.660590e-07 -1.083516e-07 -5.706868e-08 -2.818740e-03 -4.409721e-03 -4.277692e-03 -1.165964e-03 -3.608679e-03 5.208261e-03 -1.757075e-03 5.998432e-03 4.891248e-03 1.720927e-03 7.501529e-04 -5.307185e-03 6.137643e-03
<VARIANCE> 25
 2.670229e+01 2.794268e+01 3.749357e+01 3.307458e+01 5.256620e+01 4.928031e+01 4.561777e+01 4.954230e+01 4.604616e+01 3.096663e+01 2.869331e+01 1.969207e+01 8.024185e-01 8.637462e-01 9.762596e-01 1.208383e+00 1.860729e+00 1.938551e+00 2.342637e+00 2.054597e+00 2.126093e+00 1.768907e+00 1.840738e+00 1.505519e+00 1.027859e+00
<GCONST> 9.389127e+01
~s "ST_l_3_1"
<MEAN> 25
 2.711044e-07 2.276736e-08 -6.105108e-08 -1.720701e-07 -1.586201e-07 9.768173e-08 -1.135738e-07 -1.298416e-07 7.694315e-08 -1.660590e-07 -1.083516e-07 -5.706868e-08 -2.818740e-03 -4.409721e-03 -4.277692e-03 -1.165964e-03 -3.608679e-03 5.208261e-03 -1.757075e-03 5.998432e-03 4.891248e-03 1.720927e-03 7.501529e-04 -5.307185e-03 6.137643e-03
<VARIANCE> 25
 2.670229e+01 2.794268e+01 3.749357e+01 3.307458e+01 5.256620e+01 4.928031e+01 4.561778e+01 4.954230e+01 4.604617e+01 3.096663e+01 2.869331e+01 1.969207e+01 8.024186e-01 8.637462e-01 9.762596e-01 1.208383e+00 1.860729e+00 1.938551e+00 2.342637e+00 2.054597e+00 2.126093e+00 1.768907e+00 1.840738e+00 1.505519e+00 1.027859e+00
<GCONST> 9.389127e+01
~s "ST_l_4_1"
<MEAN> 25
 2.711044e-07 2.276736e-08 -6.105108e-08 -1.720701e-07 -1.586201e-07 9.768173e-08 -1.135738e-07 -1.298416e-07 7.694315e-08 -1.660590e-07 -1.083516e-07 -5.706868e-08 -2.818740e-03 -4.409721e-03 -4.277692e-03 -1.165964e-03 -3.608679e-03 5.208261e-03 -1.757075e-03 5.998432e-03 4.891248e-03 1.720927e-03 7.501529e-04 -5.307185e-03 6.137643e-03
<VARIANCE> 25
 2.670229e+01 2.794268e+01 3.749356e+01 3.307458e+01 5.256620e+01 4.928031e+01 4.561778e+01 4.954230e+01 4.604616e+01 3.096663e+01 2.869331e+01 1.969207e+01 8.024186e-01 8.637462e-01 9.762596e-01 1.208383e+00 1.860729e+00 1.938551e+00 2.342637e+00 2.054597e+00 2.126093e+00 1.768907e+00 1.840738e+00 1.505519e+00 1.027859e+00
<GCONST> 9.389127e+01
~s "ST_b_2_1"
<MEAN> 25
 2.711044e-07 2.276736e-08 -6.105108e-08 -1.720701e-07 -1.586201e-07 9.768173e-08 -1.135738e-07 -1.298416e-07 7.694316e-08 -1.660590e-07 -1.083516e-07 -5.706868e-08 -2.818740e-03 -4.409721e-03 -4.277692e-03 -1.165964e-03 -3.608679e-03 5.208261e-03 -1.757075e-03 5.998432e-03 4.891248e-03 1.720927e-03 7.501530e-04 -5.307185e-03 6.137643e-03
<VARIANCE> 25
 2.670229e+01 2.794268e+01 3.749357e+01 3.307458e+01 5.256620e+01 4.928031e+01 4.561778e+01 4.954230e+01 4.604616e+01 3.096663e+01 2.869331e+01 1.969207e+01 8.024186e-01 8.637462e-01 9.762596e-01 1.208383e+00 1.860729e+00 1.938551e+00 2.342637e+00 2.054597e+00 2.126093e+00 1.768907e+00 1.840738e+00 1.505519e+00 1.027859e+00
<GCONST> 9.389127e+01
~s "ST_b_3_1"
<MEAN> 25
 2.711044e-07 2.276736e-08 -6.105108e-08 -1.720701e-07 -1.586201e-07 9.768173e-08 -1.135738e-07 -1.298416e-07 7.694316e-08 -1.660590e-07 -1.083516e-07 -5.706868e-08 -2.818740e-03 -4.409721e-03 -4.277692e-03 -1.165964e-03 -3.608679e-03 5.208261e-03 -1.757075e-03 5.998432e-03 4.891248e-03 1.720927e-03 7.501530e-04 -5.307185e-03 6.137643e-03
<VARIANCE> 25
 2.670229e+01 2.794268e+01 3.749357e+01 3.307458e+01 5.256620e+01 4.928031e+01 4.561778e+01 4.954230e+01 4.604616e+01 3.096663e+01 2.869331e+01 1.969207e+01 8.024186e-01 8.637462e-01 9.762596e-01 1.208383e+00 1.860729e+00 1.938551e+00 2.342637e+00 2.054597e+00 2.126093e+00 1.768907e+00 1.840738e+00 1.505519e+00 1.027859e+00
<GCONST> 9.389127e+01
~s "ST_b_4_1"
<MEAN> 25
 2.711044e-07 2.276736e-08 -6.105109e-08 -1.720701e-07 -1.586201e-07 9.768173e-08 -1.135738e-07 -1.298416e-07 7.694315e-08 -1.660590e-07 -1.083516e-07 -5.706868e-08 -2.818740e-03 -4.409721e-03 -4.277693e-03 -1.165964e-03 -3.608679e-03 5.208261e-03 -1.757075e-03 5.998433e-03 4.891248e-03 1.720927e-03 7.501529e-04 -5.307185e-03 6.137643e-03
<VARIANCE> 25
 2.670229e+01 2.794268e+01 3.749357e+01 3.307458e+01 5.256620e+01 4.928032e+01 4.561778e+01 4.954230e+01 4.604617e+01 3.096663e+01 2.869331e+01 1.969207e+01 8.024186e-01 8.637462e-01 9.762596e-01 1.208383e+00 1.860729e+00 1.938551e+00 2.342637e+00 2.054597e+00 2.126093e+00 1.768907e+00 1.840738e+00 1.505519e+00 1.027859e+00
<GCONST> 9.389127e+01
~s "ST_o_2_1"
<MEAN> 25
 8.022667e-01 3.112640e+00 -2.207042e+00 -9.415061e-02 1.651206e+00 1.566626e+00 2.752342e+00 2.519323e+00 6.578950e-01 5.234000e+00 4.854034e-01 -5.940810e-01 -1.077520e-01 2.667602e-01 3.999593e-01 2.882183e-01 5.175033e-01 4.798971e-01 -1.664904e-01 -9.664806e-02 -1.126892e-01 -2.070092e-01 1.107629e-02 2.672316e-01 -3.073553e-01
<VARIANCE> 25
 8.456838e+00 5.165410e+00 1.044264e+01 7.364510e+00 2.880134e+01 1.952899e+01 1.796439e+01 2.172183e+01 1.231151e+01 8.241518e+00 1.568276e+01 2.818460e+01 3.746423e-01 3.007202e-01 7.739936e-01 7.885170e-01 9.652225e-01 9.089227e-01 1.147698e+00 1.075792e+00 1.136777e+00 5.755367e-01 1.508200e+00 1.879895e+00 5.800417e-02
<GCONST> 7.224995e+01
~s "ST_o_3_1"
<MEAN> 25
 6.315199e-01 2.942452e+00 2.182670e-01 4.046654e+00 3.490041e+00 5.889281e+00 3.535382e+00 3.884368e+00 -3.929667e+00 3.448901e+00 9.164727e-02 -1.367537e+00 8.595729e-03 -2.824025e-02 -3.297121e-03 2.599339e-02 -3.636105e-02 3.884837e-02 -5.045128e-03 1.545301e-02 -4.273215e-02 -2.631721e-02 -4.509161e-02 9.205513e-03 -1.929385e-02
<VARIANCE> 25
 9.680370e-01 2.146218e+00 3.053747e+00 5.642115e+00 7.260198e+00 8.396945e+00 1.155494e+01 1.269680e+01 1.148195e+01 1.099172e+01 1.152049e+01 1.064210e+01 9.918094e-02 2.852376e-01 2.915639e-01 5.089146e-01 6.620527e-01 9.674000e-01 1.189771e+00 1.161775e+00 1.085465e+00 1.111129e+00 1.246025e+00 1.096799e+00 2.928445e-02
<GCONST> 5.964437e+01
~s "ST_o_4_1"
<MEAN> 25
 2.763371e-01 2.331678e+00 -1.405422e-02 2.761259e+00 2.058852e+00 1.495729e+00 1.484031e+00 2.381325e+00 -3.745442e+00 1.378191e+00 -1.203612e+00 2.457271e-01 9.217443e-02 -3.314640e-01 1.708463e-01 7.234774e-01 1.000484e+00 4.048424e-02 3.527490e-01 4.425251e-01 -6.609374e-02 -4.009839e-01 -7.172620e-01 -2.831262e-01 -4.299792e-02
<VARIANCE> 25
 3.975700e-01 1.091732e+00 7.396283e+00 1.127053e+01 1.533980e+01 3.816875e+01 8.684076e+00 9.136724e+00 4.610553e+00 6.327243e+00 1.099393e+01 2.361447e+00 1.899714e-01 3.692581e-01 2.258507e-01 4.265625e-01 5.351688e-01 1.413994e+00 1.078253e+00 9.598107e-01 4.095418e-01 6.078160e-01 1.054202e+00 1.229097e+00 2.159755e-01
<GCONST> 5.900599e+01
~s "ST_e_2_1"
<MEAN> 25
 -2.977663e+00 -3.062916e+00 -8.760449e-01 -1.286343e+00 1.469867e+00 -7.797221e+00 -4.107049e+00 2.059977e+00 -1.978367e+00 -3.325512e-01 -2.702529e+00 1.985354e+00 6.220007e-01 -1.273506e+00 -2.416537e-01 -5.133347e-01 -7.316839e-01 -2.034717e+00 -4.817058e+00 -7.022526e-01 2.849803e+00 -4.604954e-01 5.724542e-01 -6.798106e-02 2.789072e+00
<VARIANCE> 25
 2.140806e+00 4.301099e+01 5.064469e+00 2.742053e+00 1.703315e+00 9.519023e+01 8.430500e+01 1.350564e+01 9.756356e+00 3.096663e-01 5.701261e+00 1.605440e+01 6.300039e+00 2.573947e+00 7.011209e-01 5.421115e-01 1.327668e+01 1.275603e+01 4.605442e+00 1.901603e+00 1.526425e+00 2.695976e+00 2.197766e-01 4.841790e+00 6.489260e-01
<GCONST> 8.101383e+01
~s "ST_e_3_1"
<MEAN> 25
 -6.250463e-01 -6.399071e+00 -4.384184e+00 -7.659984e+00 -2.760048e-02 -1.344409e+01 -1.849490e+01 -1.747385e+00 1.093295e+01 5.172428e-01 -1.054364e+00 2.608264e+00 1.376573e+00 -4.103764e-01 -5.979564e-01 -1.560030e+00 -2.705591e+00 7.609090e-01 -1.397682e+00 -1.758848e+00 2.454835e+00 -1.363347e+00 7.487585e-01 -7.616932e-01 2.805416e+00
<VARIANCE> 25
 2.783768e+01 2.224235e+01 1.018693e+01 1.045834e+01 1.128465e+02 2.849549e+01 1.560591e+01 4.449759e+01 2.779060e+01 2.334627e+01 2.227250e+01 2.361203e+01 3.374807e+00 4.588889e+00 9.050648e-01 5.662272e-01 7.938009e+00 8.021216e+00 7.757091e+00 2.382668e+00 7.320662e+00 2.209325e+00 5.943354e+00 4.570257e+00 1.812182e+00
<GCONST> 1.002247e+02
~s "ST_e_4_1"
<MEAN> 25
 5.104783e+00 -8.403883e+00 -1.287798e+00 -6.524850e+00 -1.040278e+01 -4.726324e+00 -1.557806e+01 -7.146707e+00 1.344512e+01 -9.503263e+00 -2.338579e+00 -2.413550e+00 2.351133e-02 5.980850e-02 3.721348e-01 1.460716e-01 -1.383862e-03 -8.874112e-02 2.410072e-01 2.272368e-01 -3.012422e-01 3.700370e-02 -3.082304e-02 -3.456955e-02 -3.621617e-01
<VARIANCE> 25
 3.180622e+00 1.059219e+01 4.958082e+01 2.861657e+01 1.811558e+01 8.138699e+01 4.231636e+01 2.997419e+01 9.300475e+01 3.042601e+01 2.686098e+01 2.318531e+01 3.438785e-01 8.474118e-01 2.574815e+00 2.195596e+00 8.485928e-01 1.391647e+00 2.274387e+00 2.502867e+00 4.192489e+00 1.610412e+00 3.340929e+00 1.469597e+00 1.516077e+00
<GCONST> 9.186715e+01
~s "ST_r_2_1"
<MEAN> 25
 2.007593e+00 -5.852674e+00 6.382275e-01 -2.368901e+00 -1.332286e+00 -9.721844e+00 -8.128368e+00 -9.296079e-01 3.017299e+00 -1.862520e+00 -4.258445e-01 -2.431869e+00 -8.630153e-02 -1.608872e-01 -1.764480e-01 -2.479347e-01 3.316379e-01 6.912632e-01 4.181309e-01 5.436561e-01 -3.330408e-01 -9.957913e-01 -1.151624e-01 -4.219517e-01 4.240084e-01
<VARIANCE> 25
 4.032132e+01 3.739497e+01 5.896489e+01 3.606104e+01 8.273398e+01 6.031858e+01 2.498846e+01 6.193797e+01 1.846328e+01 2.987508e+01 6.861487e+01 6.346038e+01 1.780480e+00 1.133285e+00 3.286961e+00 3.494592e+00 1.019563e-01 3.232699e+00 2.862332e+00 5.818047e+00 5.672266e+00 4.449308e+00 1.245370e+00 6.463233e-01 8.118363e+00
<GCONST> 1.014304e+02
~s "ST_r_3_1"
<MEAN> 25
 2.704972e+00 -7.129272e+00 1.892069e+00 -1.784803e+00 -5.005542e+00 -9.733632e+00 -4.998115e+00 -1.466967e-01 1.420872e+00 -2.701329e+00 3.385796e+00 -3.341631e+00 -4.022107e-02 -2.221776e-01 -1.358538e-01 3.469634e-01 -4.996913e-01 1.421663e+00 2.241933e+00 1.361811e+00 -7.211838e-02 -1.885184e-01 8.859653e-02 -5.236493e-01 -1.132559e+00
<VARIANCE> 25
 3.432470e+01 2.391468e+01 4.630503e+01 3.635806e+01 1.030299e+02 5.039844e+01 1.693588e+01 5.874797e+01 1.839693e+01 1.255726e+01 6.311163e+01 6.054560e+01 2.431597e+00 9.069629e-01 2.423212e+00 1.099597e+00 6.724628e-01 4.804787e+00 7.767686e-01 1.216293e+00 2.593030e+00 2.998894e+00 1.836474e+00 9.986708e-01 5.149998e+00
<GCONST> 9.641793e+01
~s "ST_r_4_1"
<MEAN> 25
 2.612815e+00 -9.338285e+00 4.293500e-01 -9.396279e-01 -1.157834e+01 -1.118357e+01 1.119698e+00 5.813067e+00 1.802786e+00 2.998299e-01 6.084790e+00 -4.160678e+00 -3.219509e-01 3.300521e-01 -6.008623e-01 1.213716e-01 1.445988e-02 2.589720e-01 7.346879e-01 8.300066e-01 2.291470e-01 1.344518e+00 8.878036e-01 1.238824e+00 -1.057424e+00
<VARIANCE> 25
 2.422809e+01 1.376795e+01 2.251363e+01 2.654755e+01 1.158967e+02 4.375377e+01 1.892606e+01 4.558857e+01 2.288948e+01 2.569309e+01 4.581173e+01 5.027664e+01 8.262277e-01 7.461007e-01 6.640394e-01 1.451408e+00 8.221748e-01 3.459957e+00 8.220042e-01 8.134321e-01 5.655597e-01 2.388935e+00 1.711096e+00 7.830345e-01 8.648425e-01
<GCONST> 8.813085e+01
~s "ST_h_2_1"
<MEAN> 25
 2.711044e-07 2.276736e-08 -6.105108e-08 -1.720701e-07 -1.586201e-07 9.768173e-08 -1.135738e-07 -1.298416e-07 7.694315e-08 -1.660590e-07 -1.083516e-07 -5.706868e-08 -2.818740e-03 -4.409721e-03 -4.277692e-03 -1.165964e-03 -3.608679e-03 5.208261e-03 -1.757075e-03 5.998432e-03 4.891248e-03 1.720927e-03 7.501529e-04 -5.307185e-03 6.137643e-03
<VARIANCE> 25
 2.670229e+01 2.794268e+01 3.749357e+01 3.307458e+01 5.256620e+01 4.928031e+01 4.561778e+01 4.954230e+01 4.604616e+01 3.096663e+01 2.869331e+01 1.969207e+01 8.024186e-01 8.637462e-01 9.762596e-01 1.208383e+00 1.860729e+00 1.938551e+00 2.342637e+00 2.054597e+00 2.126093e+00 1.768907e+00 1.840738e+00 1.505519e+00 1.027859e+00
<GCONST> 9.389127e+01
~s "ST_h_3_1"
<MEAN> 25
 2.711044e-07 2.276736e-08 -6.105108e-08 -1.720701e-07 -1.586201e-07 9.768173e-08 -1.135738e-07 -1.298416e-07 7.694315e-08 -1.660590e-07 -1.083516e-07 -5.706868e-08 -2.818740e-03 -4.409721e-03 -4.277692e-03 -1.165964e-03 -3.608679e-03 5.208261e-03 -1.757075e-03 5.998432e-03 4.891248e-03 1.720927e-03 7.501529e-04 -5.307185e-03 6.137643e-03
<VARIANCE> 25
 2.670229e+01 2.794268e+01 3.749357e+01 3.307458e+01 5.256620e+01 4.928031e+01 4.561778e+01 4.954230e+01 4.604616e+01 3.096663e+01 2.869331e+01 1.969207e+01 8.024186e-01 8.637462e-01 9.762596e-01 1.208383e+00 1.860729e+00 1.938551e+00 2.342637e+00 2.054597e+00 2.126093e+00 1.768907e+00 1.840738e+00 1.505519e+00 1.027859e+00
<GCONST> 9.389127e+01
~s "ST_h_4_1"
<MEAN> 25
 2.711044e-07 2.276736e-08 -6.105108e-08 -1.720701e-07 -1.586201e-07 9.768173e-08 -1.135738e-07 -1.298416e-07 7.694315e-08 -1.660590e-07 -1.083516e-07 -5.706868e-08 -2.818740e-03 -4.409721e-03 -4.277692e-03 -1.165964e-03 -3.608679e-03 5.208261e-03 -1.757075e-03 5.998432e-03 4.891248e-03 1.720927e-03 7.501529e-04 -5.307185e-03 6.137643e-03
<VARIANCE> 25
 2.670229e+01 2.794268e+01 3.749357e+01 3.307458e+01 5.256620e+01 4.928031e+01 4.561778e+01 4.954230e+01 4.604616e+01 3.096663e+01 2.869331e+01 1.969207e+01 8.024186e-01 8.637462e-01 9.762596e-01 1.208383e+00 1.860729e+00 1.938551e+00 2.342637e+00 2.054597e+00 2.126093e+00 1.768907e+00 1.840738e+00 1.505519e+00 1.027859e+00
<GCONST> 9.389127e+01
~s "ST_u_2_1"
<MEAN> 25
 -1.953849e+00 -4.276126e-01 1.918219e+00 -3.939965e+00 -9.548659e-01 -4.887546e+00 -4.586348e+00 5.009322e+00 7.713211e+00 1.832152e+00 2.503485e+00 -1.537007e+00 1.816574e-01 -1.002571e+00 -4.363569e-01 -9.139774e-01 -4.834239e-01 1.387998e+00 1.528171e+00 1.197979e-01 -1.252772e-01 -3.392475e-01 -2.460641e-01 -5.713248e-01 -8.566230e-02
<VARIANCE> 25
 8.223813e+01 4.404509e+01 1.070249e+01 3.523078e+01 7.621075e+01 2.295484e+01 1.283060e+02 2.405574e+00 4.477690e+01 2.396953e+01 2.508615e+01 2.636278e+00 3.974992e-01 5.788981e-01 1.794338e+00 7.362903e-01 4.652506e-01 9.008647e-01 3.570859e+00 2.030897e-01 5.110794e-01 3.469340e-01 2.855757e+00 1.469873e+00 3.229455e-01
<GCONST> 8.063635e+01
~s "ST_u_3_1"
<MEAN> 25
 -5.595358e-01 -5.585101e+00 -7.299898e-01 -6.337999e+00 -6.383303e+00 -4.177529e+00 -3.297109e+00 3.717289e+00 1.157457e+01 -3.019846e+00 -3.149209e+00 -3.507024e+00 -1.533068e-01 -3.306082e-01 -1.064104e+00 -2.386899e-02 8.938963e-01 4.611611e-01 2.426488e+00 -5.502742e-01 -2.124110e-01 -5.867056e-01 -2.091839e+00 -5.129346e-01 7.810165e-02
<VARIANCE> 25
 4.283148e+01 5.080548e+01 2.083385e+01 1.299568e+01 8.785346e+01 2.038287e+01 7.473850e+01 1.089541e+01 8.465387e+01 1.507048e+01 2.412127e+01 2.562563e+00 4.838693e-01 4.405621e-01 2.162699e+00 1.225739e+00 6.368276e-01 8.882695e-01 6.690785e+00 6.711606e-01 8.629227e-01 9.799262e-01 3.110076e+00 3.512348e-01 2.173801e-01
<GCONST> 8.345756e+01
~s "ST_u_4_1"
<MEAN> 25
 9.025303e-02 2.166542e+00 -4.500081e-01 3.703081e+00 3.465407e+00 5.039347e+00 2.944210e+00 2.996488e+00 -4.286569e+00 2.025365e+00 -5.576411e-01 -9.010071e-01 2.887305e-02 -9.691559e-02 5.497816e-03 8.336657e-02 -4.701801e-02 2.779528e-02 -9.762230e-02 3.267474e-02 -1.628539e-02 -1.125792e-02 -4.453283e-03 8.842849e-02 -3.245047e-02
<VARIANCE> 25
 5.473761e+00 8.130109e+00 5.033922e+00 1.101485e+01 1.151370e+01 1.276939e+01 1.143977e+01 8.709615e+00 2.734463e+01 1.207943e+01 1.507991e+01 9.253049e+00 1.604778e-01 2.497089e-01 2.977421e-01 6.678016e-01 8.568609e-01 8.063990e-01 1.819065e+00 1.010596e+00 1.707880e+00 1.229358e+00 1.774907e+00 8.362171e-01 5.087905e-02
<GCONST> 6.765355e+01
~s "ST_k_2_1"
<MEAN> 25
 5.367515e+00 -1.943803e-01 6.733967e-02 -6.430059e+00 -3.439343e+00 -3.679822e+00 -1.081858e+01 -4.112425e+00 2.970332e+00 5.423383e-01 1.258095e-01 -1.573081e+00 9.044545e-03 -9.696786e-01 -4.124455e-01 -5.584098e-01 -3.475933e-01 -6.791880e-01 -1.622212e-01 -2.614885e-01 1.233251e+00 -5.450490e-01 -2.882391e-01 -3.342974e-01 1.641835e+00
<VARIANCE> 25
 4.043967e+01 6.857822e+01 2.881023e+01 3.677506e+01 5.647915e+01 7.615605e+01 1.051302e+02 7.485699e+01 7.264010e+01 3.959245e+01 4.812129e+01 1.948928e+01 2.414782e+00 3.638862e+00 1.977173e+00 4.324780e+00 8.092158e+00 8.178761e+00 1.477267e+01 6.136087e+00 3.630281e+00 5.509768e+00 6.058867e+00 2.657646e+00 6.131452e+00
<GCONST> 1.135924e+02
~s "ST_k_3_1"
<MEAN> 25
 2.923784e-01 -9.404655e+00 -1.111539e+01 -6.220756e+00 -1.636456e+00 -9.672010e+00 -6.589611e-01 -8.043964e+00 1.341122e+01 -4.400568e+00 -6.343588e+00 -2.013373e+00 -2.146834e-02 1.832401e-01 -2.457158e-01 3.774896e-01 3.393723e-01 9.831530e-02 4.091559e-01 -5.158309e-02 -1.479162e-01 2.528020e-02 5.391414e-02 6.608077e-02 -4.878381e-01
<VARIANCE> 25
 6.336685e+01 4.643320e+01 2.387192e+01 1.541269e+01 3.285894e+01 1.329680e+01 1.983768e+01 8.217852e+01 2.202150e+01 1.669731e+01 2.151814e+01 3.040817e+01 8.746363e-01 1.006936e+00 1.335975e+00 8.488784e-01 7.463877e-01 1.467960e+00 2.222723e+00 2.881401e+00 1.418409e+00 1.178091e+00 2.076638e+00 8.766572e-01 7.900941e-01
<GCONST> 8.853296e+01
~s "ST_k_4_1"
<MEAN> 25
 3.730436e+00 -6.249830e+00 -8.848970e+00 -1.610853e+00 1.439756e-01 -1.414976e+00 1.752900e+00 -1.268494e+00 7.189281e+00 -2.107708e+00 -5.211058e-01 -5.476277e+00 1.069200e-01 4.739430e-01 7.196040e-01 3.904271e-01 9.692020e-02 6.935975e-01 9.537974e-02 3.865369e-01 -1.266330e+00 9.110531e-01 -9.086497e-02 -3.143878e-01 -1.248875e+00
<VARIANCE> 25
 2.277326e+01 2.106039e+01 1.025725e+01 1.138283e+01 2.003593e+01 1.825698e+01 1.861404e+01 5.467869e+01 3.662280e+01 3.876952e+01 9.736094e+00 3.336556e+01 4.369616e-01 7.087383e-01 9.262031e-01 1.225311e+00 1.467539e+00 1.289957e+00 1.522501e+00 2.304649e+00 2.341880e+00 1.565263e+00 1.065267e+00 2.249263e+00 2.260175e-01
<GCONST> 8.428265e+01
~s "ST_a_2_1"
<MEAN> 25
 2.491689e+00 -2.273681e+00 2.520845e+00 -3.310547e-01 -1.984545e+00 -3.180428e+00 -4.340312e-01 -2.422471e+00 1.247726e+00 -1.310072e+00 -1.527974e+00 -1.568585e+00 2.248514e-01 -5.379220e-01 -5.933579e-01 -9.758058e-01 -7.470632e-01 -1.883082e+00 -5.680035e-01 -7.698683e-01 -8.068259e-02 -1.324169e+00 1.022673e+00 -4.277584e-01 1.497882e+00
<VARIANCE> 25
 1.922273e+01 6.150961e+01 7.110066e+01 1.881016e+01 4.314811e+01 9.739309e+01 4.430410e+01 2.783131e+01 9.275327e+01 4.953886e+01 2.206640e+01 2.710152e+01 1.590403e+00 4.685639e+00 3.421833e+00 1.282815e+00 3.081798e+00 3.820172e+00 3.719269e+00 6.091577e+00 6.751499e+00 3.027689e+00 2.297343e+00 2.294304e+00 6.659040e+00
<GCONST> 1.061574e+02
~s "ST_a_3_1"
<MEAN> 25
 3.485473e+00 -5.145854e+00 -5.771298e-01 -4.615501e+00 -4.607748e+00 -9.863199e+00 -5.367340e+00 -9.769802e+00 8.649456e+00 -6.597337e+00 -9.502938e-01 -3.016035e+00 3.185682e-01 8.557352e-01 8.956635e-03 3.144077e-02 -2.704438e-02 -1.092661e-01 -4.362094e-01 -6.188205e-01 -4.798537e-01 8.706372e-01 -1.280764e-01 1.389731e-01 -3.691813e-01
<VARIANCE> 25
 7.503696e+00 5.560634e+01 1.164568e+02 1.552701e+01 5.165783e+01 2.403344e+01 3.836032e+01 6.701196e+01 1.103098e+02 3.305717e+01 1.639569e+01 1.721051e+01 8.207940e-01 1.137469e+00 1.019695e+00 6.154011e-01 2.956366e+00 1.818918e+00 3.099380e+00 2.738671e+00 4.890816e+00 3.018646e+00 1.515950e+00 1.578005e+00 1.425279e+00
<GCONST> 9.550573e+01
~s "ST_a_4_1"
<MEAN> 25
 7.386871e+00 1.029542e+00 -1.090201e+00 -3.983438e+00 -2.107173e+00 -5.292768e+00 -5.016285e+00 -6.425558e+00 3.023241e+00 7.338660e-01 -3.366171e+00 -3.941205e+00 2.502979e-02 7.903928e-01 6.127204e-01 3.034420e-02 -3.049904e-03 7.032248e-01 7.625174e-01 1.380398e+00 -8.825698e-01 -3.082649e-01 -2.408191e-01 3.209045e-01 -6.456901e-01
<VARIANCE> 25
 2.088748e+01 3.389338e+01 3.780677e+01 2.952914e+01 4.750265e+01 2.136068e+01 1.857796e+01 6.508222e+01 2.719893e+01 2.282361e+01 4.189277e+01 2.524782e+01 1.002202e+00 7.451278e-01 1.091090e+00 2.883145e+00 2.614172e+00 1.392781e+00 1.771548e+00 1.719888e+00 3.474864e+00 1.965997e+00 1.839464e+00 2.360152e+00 1.693732e+00
<GCONST> 9.411906e+01
~s "ST_d_2_1"
<MEAN> 25
 2.711044e-07 2.276736e-08 -6.105108e-08 -1.720701e-07 -1.586201e-07 9.768173e-08 -1.135738e-07 -1.298416e-07 7.694315e-08 -1.660590e-07 -1.083516e-07 -5.706868e-08 -2.818740e-03 -4.409721e-03 -4.277693e-03 -1.165964e-03 -3.608679e-03 5.208261e-03 -1.757075e-03 5.998432e-03 4.891248e-03 1.720927e-03 7.501529e-04 -5.307185e-03 6.137643e-03
<VARIANCE> 25
 2.670229e+01 2.794268e+01 3.749357e+01 3.307458e+01 5.256620e+01 4.928031e+01 4.561778e+01 4.954230e+01 4.604616e+01 3.096663e+01 2.869331e+01 1.969207e+01 8.024186e-01 8.637462e-01 9.762596e-01 1.208383e+00 1.860729e+00 1.938551e+00 2.342637e+00 2.054597e+00 2.126093e+00 1.768907e+00 1.840738e+00 1.505519e+00 1.027859e+00
<GCONST> 9.389128e+01
~s "ST_d_3_1"
<MEAN> 25
 2.711044e-07 2.276736e-08 -6.105108e-08 -1.720701e-07 -1.586201e-07 9.768173e-08 -1.135738e-07 -1.298416e-07 7.694315e-08 -1.660590e-07 -1.083516e-07 -5.706868e-08 -2.818740e-03 -4.409721e-03 -4.277693e-03 -1.165964e-03 -3.608679e-03 5.208261e-03 -1.757075e-03 5.998432e-03 4.891248e-03 1.720927e-03 7.501529e-04 -5.307185e-03 6.137643e-03
<VARIANCE> 25
 2.670229e+01 2.794268e+01 3.749357e+01 3.307458e+01 5.256620e+01 4.928031e+01 4.561778e+01 4.954230e+01 4.604616e+01 3.096663e+01 2.869331e+01 1.969207e+01 8.024186e-01 8.637462e-01 9.762596e-01 1.208383e+00 1.860729e+00 1.938551e+00 2.342637e+00 2.054597e+00 2.126093e+00 1.768907e+00 1.840738e+00 1.505519e+00 1.027859e+00
<GCONST> 9.389128e+01
~s "ST_d_4_1"
<MEAN> 25
 2.711044e-07 2.276736e-08 -6.105108e-08 -1.720701e-07 -1.586201e-07 9.768173e-08 -1.135738e-07 -1.298416e-07 7.694316e-08 -1.660590e-07 -1.083516e-07 -5.706868e-08 -2.818740e-03 -4.409722e-03 -4.277693e-03 -1.165964e-03 -3.608679e-03 5.208261e-03 -1.757075e-03 5.998433e-03 4.891248e-03 1.720927e-03 7.501530e-04 -5.307185e-03 6.137643e-03
<VARIANCE> 25
 2.670229e+01 2.794268e+01 3.749357e+01 3.307458e+01 5.256620e+01 4.928032e+01 4.561778e+01 4.954230e+01 4.604616e+01 3.096663e+01 2.869331e+01 1.969207e+01 8.024186e-01 8.637463e-01 9.762596e-01 1.208383e+00 1.860729e+00 1.938551e+00 2.342637e+00 2.054597e+00 2.126093e+00 1.768907e+00 1.840738e+00 1.505519e+00 1.027859e+00
<GCONST> 9.389128e+01
~s "ST_g_2_1"
<MEAN> 25
 6.325560e+00 -5.335834e+00 1.279455e+01 -3.521851e+00 -1.907418e+01 -8.244370e+00 -1.442403e+01 -5.826374e+00 4.141088e+00 -1.306317e+01 1.546508e+01 8.729518e-01 2.538353e-01 -5.035645e-01 -3.009877e-01 1.716681e-01 -4.280349e-01 5.166053e-01 -1.064385e+00 -8.081887e-01 8.242750e-01 9.247378e-02 9.501959e-01 -8.848256e-02 2.754178e-01
<VARIANCE> 25
 1.202514e+01 5.594979e+01 6.086870e+01 4.016052e+01 5.217661e+01 5.852630e+01 4.341546e+01 3.297810e+01 3.637155e+01 2.535279e+01 7.815183e+01 2.462687e+01 2.956897e-01 7.152391e-01 2.255145e+00 5.976570e-01 3.712377e+00 1.320697e+00 1.648234e+00 2.946663e+00 1.656146e+00 5.505982e+00 4.376432e+00 1.460846e+00 5.290315e-01
<GCONST> 9.528389e+01
~s "ST_g_3_1"
<MEAN> 25
 1.087053e+01 -2.639087e+00 2.402611e-01 -6.418830e+00 -9.407251e+00 2.063070e+00 -1.431133e+01 -8.057747e+00 5.821807e-01 -8.721771e-01 1.359815e+01 2.862292e+00 -7.258748e-01 7.394187e-01 -5.345545e-02 4.661987e-02 1.412828e+00 -3.003009e-02 1.552568e+00 6.445193e-01 -8.490977e-01 8.648433e-01 -1.479844e+00 2.375498e-01 -6.839618e-01
<VARIANCE> 25
 2.898824e+01 2.486964e+01 2.452009e+01 2.302070e+01 2.532796e+01 2.526716e+01 7.809262e+01 3.457198e+01 8.095589e+01 1.621977e+01 9.685329e+01 9.228764e+00 2.576432e+00 8.043004e-01 2.182745e+00 2.649185e+00 3.199115e+00 3.687435e+00 8.054326e-01 3.726877e+00 4.468945e+00 2.424627e+00 5.344573e+00 3.014487e+00 6.196225e-01
<GCONST> 9.793552e+01
~s "ST_g_4_1"
<MEAN> 25
 -1.557484e+01 3.070178e+00 6.440716e+00 -7.490372e+00 3.081151e+00 -5.954258e+00 -1.214224e+01 3.517673e+00 9.500012e+00 -1.661719e+00 1.608562e+00 2.046086e+00 -6.755469e-01 -1.984389e-01 6.757092e-02 -2.692090e-01 3.785782e-01 -1.530251e-02 3.355167e-01 7.235801e-01 3.660448e-01 4.226774e-01 -2.585179e-02 7.964849e-03 -2.072584e-01
<VARIANCE> 25
 6.137816e+01 2.250829e+01 2.134261e+01 1.776253e+01 2.034076e+01 2.654522e+01 3.440825e+01 3.417022e+01 3.559475e+01 4.066746e+01 2.653172e+01 1.109383e+01 2.478062e+00 5.338541e-01 5.780402e-01 1.087372e+00 7.925087e-01 1.208724e+00 7.529050e-01 1.729053e+00 1.424089e+00 1.183133e+00 1.582760e+00 9.228235e-01 2.750036e-01
<GCONST> 8.508501e+01
~s "ST_t_2_1"
<MEAN> 25
 6.811364e+00 -4.356539e+00 3.168687e+00 2.774787e+00 -1.686524e+01 -9.739858e+00 -8.117105e+00 -8.202461e+00 5.224316e+00 -6.622589e+00 5.183821e+00 2.331545e+00 3.665833e-01 -9.041672e-01 6.123247e-01 9.027476e-01 -1.681042e+00 -1.981793e+00 9.339787e-02 1.006850e+00 -1.824402e-01 -7.435306e-01 1.074369e+00 -4.142554e-02 3.005516e-01
<VARIANCE> 25
 1.219713e+01 4.975346e+01 4.214482e+01 4.592581e+00 1.719421e+02 3.230018e+01 2.520917e+01 3.760746e+01 1.356238e+01 7.432766e+01 3.364088e+01 9.520000e+00 1.407175e-01 1.326047e+00 5.938334e+00 6.151003e-01 3.559137e+00 1.686219e+00 1.253447e+00 1.130898e+00 3.157834e+00 2.540970e+00 1.947756e+00 1.126177e+00 4.493801e-01
<GCONST> 8.960796e+01
~s "ST_t_3_1"
<MEAN> 25
 6.104502e+00 -6.169795e-01 8.731756e+00 2.285234e+00 -1.718794e+01 -1.242889e+01 -6.555385e+00 -6.904820e+00 -4.935769e+00 -6.181547e+00 7.845810e+00 -2.280205e+00 -5.575128e-01 7.389421e-01 3.496740e-01 -4.792701e-01 1.360191e+00 9.704206e-02 1.383747e-01 -2.140327e-01 -6.198764e-01 9.418926e-01 -7.621068e-01 -2.795442e-02 -5.594841e-01
<VARIANCE> 25
 1.023847e+01 3.680742e+01 1.723092e+01 1.370332e+01 7.660107e+01 2.610536e+01 2.017729e+01 1.724406e+01 3.835739e+01 2.699697e+01 2.368091e+01 1.388200e+01 3.804642e-01 1.665697e+00 8.020654e-01 1.262488e+00 4.975926e+00 8.416709e-01 1.870362e+00 2.163374e+00 3.083381e+00 2.475763e+00 4.383475e+00 2.228091e+00 4.618594e-01
<GCONST> 8.945935e+01
~s "ST_t_4_1"
<MEAN> 25
 4.680590e+00 -5.031102e+00 4.007244e+00 3.608454e-01 -3.746292e+00 -1.267116e+01 -1.319458e+01 -2.836132e+00 6.660828e+00 -7.264747e-02 -6.004819e-01 8.482234e-01 -5.511892e-01 -2.231319e+00 2.475004e-02 -6.321391e-01 -6.538724e-01 -8.327485e-04 -1.177966e+00 1.318375e-01 2.385271e+00 -9.375102e-01 5.498430e-01 -5.303360e-01 1.826157e+00
<VARIANCE> 25
 1.276262e+01 8.195895e+01 1.620933e+01 2.479078e+00 9.432114e+01 5.000733e+01 1.002979e+02 2.931812e+01 7.183150e+01 4.320658e+01 3.125452e+01 7.491873e+00 1.449462e+00 1.780296e+00 1.001763e+00 9.365494e-01 1.981111e+01 3.439554e+00 8.650621e+00 1.353468e+00 2.760397e+00 8.029373e+00 6.897704e+00 2.481728e+00 3.596261e+00
<GCONST> 1.013193e+02
~s "ST_sil_2_1"
<MEAN> 25
 3.598132e-01 2.137512e+00 5.024333e-01 3.468915e+00 2.955436e+00 4.133296e+00 2.685151e+00 3.562844e+00 -3.111459e+00 1.694486e+00 -2.320469e-01 -6.960660e-01 -5.191852e-03 7.161945e-03 1.182507e-02 -8.265613e-03 2.437523e-02 4.624783e-02 3.695148e-02 2.768274e-02 -7.142153e-03 1.917080e-02 1.551361e-03 -4.134248e-03 -2.743018e-02
<VARIANCE> 25
 1.180970e+00 2.682862e+00 4.114159e+00 6.681880e+00 7.474857e+00 1.013015e+01 1.122436e+01 1.186515e+01 1.231939e+01 1.207339e+01 1.185410e+01 1.005613e+01 8.803006e-02 2.452709e-01 3.859288e-01 5.790280e-01 6.988133e-01 8.962701e-01 1.080163e+00 1.180927e+00 1.240996e+00 1.250202e+00 1.062500e+00 9.660907e-01 4.046357e-02
<GCONST> 6.111530e+01
~s "silst"
<MEAN> 25
 -9.758943e-01 1.243997e+00 9.669153e-02 1.664455e+00 2.024865e+00 2.341553e+00 2.545533e+00 1.856108e+00 -2.240843e+00 1.391761e+00 7.285199e-02 5.094323e-01 -1.225357e-03 8.909179e-03 1.064865e-02 1.531665e-02 -1.752888e-03 -1.774579e-03 8.158343e-03 -1.587475e-02 -1.455122e-02 -1.619810e-02 -1.919688e-02 7.955995e-03 -8.595907e-03
<VARIANCE> 25
 1.420564e+00 2.603549e+00 3.903881e+00 5.691692e+00 8.383703e+00 1.052806e+01 1.057860e+01 1.035765e+01 1.168684e+01 1.119509e+01 1.076290e+01 1.047986e+01 1.085577e-01 2.302060e-01 3.966632e-01 6.517345e-01 8.507145e-01 1.080858e+00 1.314888e+00 1.074890e+00 1.303855e+00 1.162478e+00 1.122016e+00 1.112849e+00 3.721108e-02
<GCONST> 6.169902e+01
~s "ST_sil_3_1"
<MEAN> 25
 -9.758943e-01 1.243997e+00 9.669153e-02 1.664455e+00 2.024865e+00 2.341553e+00 2.545533e+00 1.856108e+00 -2.240843e+00 1.391761e+00 7.285199e-02 5.094323e-01 -1.225357e-03 8.909179e-03 1.064865e-02 1.531665e-02 -1.752888e-03 -1.774579e-03 8.158343e-03 -1.587475e-02 -1.455122e-02 -1.619810e-02 -1.919688e-02 7.955995e-03 -8.595907e-03
<VARIANCE> 25
 1.420564e+00 2.603549e+00 3.903881e+00 5.691692e+00 8.383703e+00 1.052806e+01 1.057860e+01 1.035765e+01 1.168684e+01 1.119509e+01 1.076290e+01 1.047986e+01 1.085577e-01 2.302060e-01 3.966632e-01 6.517345e-01 8.507145e-01 1.080858e+00 1.314888e+00 1.074890e+00 1.303855e+00 1.162478e+00 1.122016e+00 1.112849e+00 3.721108e-02
<GCONST> 6.169902e+01
~s "ST_sil_4_1"
<MEAN> 25
 -6.824710e-01 -2.522142e+00 -1.556754e+00 -4.539397e+00 -1.893152e+00 -3.531740e+00 -2.266176e+00 -4.218915e+00 2.777718e+00 -2.145208e+00 -1.118033e+00 1.102461e+00 6.032079e-03 -3.042914e-02 -5.994857e-02 -4.412583e-02 -6.073423e-02 -3.944879e-02 -7.183260e-02 1.927380e-02 7.754089e-02 1.694377e-02 2.033447e-02 -3.361965e-02 1.173427e-01
<VARIANCE> 25
 6.228733e+01 6.100513e+01 7.983942e+01 6.258918e+01 9.110286e+01 6.348608e+01 4.924585e+01 7.936883e+01 5.179911e+01 5.673727e+01 4.835703e+01 3.471658e+01 1.878290e+00 1.954394e+00 1.779756e+00 2.347122e+00 3.309602e+00 3.360941e+00 3.250993e+00 3.202705e+00 3.660629e+00 2.710702e+00 2.636272e+00 2.637593e+00 2.743901e+00
<GCONST> 1.077772e+02
~s "ST_ng_2_1"
<MEAN> 25
 2.711044e-07 2.276736e-08 -6.105108e-08 -1.720701e-07 -1.586201e-07 9.768173e-08 -1.135738e-07 -1.298416e-07 7.694315e-08 -1.660590e-07 -1.083516e-07 -5.706868e-08 -2.818740e-03 -4.409721e-03 -4.277692e-03 -1.165964e-03 -3.608679e-03 5.208261e-03 -1.757075e-03 5.998432e-03 4.891248e-03 1.720927e-03 7.501529e-04 -5.307185e-03 6.137643e-03
<VARIANCE> 25
 2.670229e+01 2.794268e+01 3.749357e+01 3.307458e+01 5.256620e+01 4.928031e+01 4.561778e+01 4.954230e+01 4.604616e+01 3.096663e+01 2.869331e+01 1.969207e+01 8.024186e-01 8.637462e-01 9.762596e-01 1.208383e+00 1.860729e+00 1.938551e+00 2.342637e+00 2.054597e+00 2.126093e+00 1.768907e+00 1.840738e+00 1.505519e+00 1.027859e+00
<GCONST> 9.389127e+01
~s "ST_ng_3_1"
<MEAN> 25
 2.711044e-07 2.276736e-08 -6.105108e-08 -1.720701e-07 -1.586201e-07 9.768173e-08 -1.135738e-07 -1.298416e-07 7.694315e-08 -1.660590e-07 -1.083516e-07 -5.706868e-08 -2.818740e-03 -4.409721e-03 -4.277692e-03 -1.165964e-03 -3.608679e-03 5.208261e-03 -1.757075e-03 5.998433e-03 4.891248e-03 1.720927e-03 7.501529e-04 -5.307185e-03 6.137643e-03
<VARIANCE> 25
 2.670229e+01 2.794268e+01 3.749357e+01 3.307458e+01 5.256620e+01 4.928031e+01 4.561778e+01 4.954230e+01 4.604616e+01 3.096663e+01 2.869331e+01 1.969207e+01 8.024186e-01 8.637462e-01 9.762596e-01 1.208383e+00 1.860729e+00 1.938551e+00 2.342637e+00 2.054597e+00 2.126093e+00 1.768907e+00 1.840738e+00 1.505519e+00 1.027859e+00
<GCONST> 9.389127e+01
~s "ST_m_2_1"
<MEAN> 25
 2.711044e-07 2.276736e-08 -6.105108e-08 -1.720701e-07 -1.586201e-07 9.768172e-08 -1.135738e-07 -1.298416e-07 7.694315e-08 -1.660590e-07 -1.083516e-07 -5.706868e-08 -2.818740e-03 -4.409721e-03 -4.277692e-03 -1.165964e-03 -3.608679e-03 5.208261e-03 -1.757075e-03 5.998432e-03 4.891247e-03 1.720927e-03 7.501529e-04 -5.307185e-03 6.137643e-03
<VARIANCE> 25
 2.670229e+01 2.794268e+01 3.749356e+01 3.307458e+01 5.256620e+01 4.928031e+01 4.561778e+01 4.954230e+01 4.604616e+01 3.096663e+01 2.869331e+01 1.969207e+01 8.024186e-01 8.637462e-01 9.762596e-01 1.208383e+00 1.860729e+00 1.938551e+00 2.342637e+00 2.054597e+00 2.126093e+00 1.768907e+00 1.840738e+00 1.505519e+00 1.027859e+00
<GCONST> 9.389127e+01
~s "ST_ng_4_1"
<MEAN> 25
 2.711044e-07 2.276736e-08 -6.105108e-08 -1.720701e-07 -1.586201e-07 9.768173e-08 -1.135738e-07 -1.298416e-07 7.694315e-08 -1.660590e-07 -1.083516e-07 -5.706868e-08 -2.818740e-03 -4.409721e-03 -4.277692e-03 -1.165964e-03 -3.608679e-03 5.208261e-03 -1.757075e-03 5.998432e-03 4.891248e-03 1.720927e-03 7.501529e-04 -5.307185e-03 6.137643e-03
<VARIANCE> 25
 2.670229e+01 2.794268e+01 3.749357e+01 3.307458e+01 5.256620e+01 4.928031e+01 4.561778e+01 4.954230e+01 4.604616e+01 3.096663e+01 2.869331e+01 1.969207e+01 8.024186e-01 8.637462e-01 9.762596e-01 1.208383e+00 1.860729e+00 1.938551e+00 2.342637e+00 2.054597e+00 2.126093e+00 1.768907e+00 1.840738e+00 1.505519e+00 1.027859e+00
<GCONST> 9.389127e+01
~s "ST_m_3_1"
<MEAN> 25
 2.711044e-07 2.276736e-08 -6.105108e-08 -1.720701e-07 -1.586201e-07 9.768173e-08 -1.135738e-07 -1.298416e-07 7.694316e-08 -1.660590e-07 -1.083516e-07 -5.706868e-08 -2.818740e-03 -4.409722e-03 -4.277692e-03 -1.165964e-03 -3.608679e-03 5.208261e-03 -1.757075e-03 5.998432e-03 4.891248e-03 1.720927e-03 7.501529e-04 -5.307185e-03 6.137643e-03
<VARIANCE> 25
 2.670229e+01 2.794268e+01 3.749357e+01 3.307458e+01 5.256620e+01 4.928031e+01 4.561778e+01 4.954230e+01 4.604616e+01 3.096663e+01 2.869331e+01 1.969207e+01 8.024186e-01 8.637462e-01 9.762596e-01 1.208383e+00 1.860729e+00 1.938551e+00 2.342637e+00 2.054597e+00 2.126093e+00 1.768907e+00 1.840738e+00 1.505519e+00 1.027859e+00
<GCONST> 9.389128e+01
~s "ST_m_4_1"
<MEAN> 25
 2.711044e-07 2.276736e-08 -6.105108e-08 -1.720701e-07 -1.586201e-07 9.768173e-08 -1.135738e-07 -1.298416e-07 7.694316e-08 -1.660590e-07 -1.083516e-07 -5.706868e-08 -2.818740e-03 -4.409721e-03 -4.277692e-03 -1.165964e-03 -3.608679e-03 5.208261e-03 -1.757075e-03 5.998433e-03 4.891248e-03 1.720927e-03 7.501529e-04 -5.307185e-03 6.137643e-03
<VARIANCE> 25
 2.670229e+01 2.794268e+01 3.749357e+01 3.307458e+01 5.256620e+01 4.928031e+01 4.561778e+01 4.954230e+01 4.604617e+01 3.096663e+01 2.869331e+01 1.969207e+01 8.024186e-01 8.637462e-01 9.762596e-01 1.208383e+00 1.860729e+00 1.938551e+00 2.342637e+00 2.054597e+00 2.126093e+00 1.768907e+00 1.840738e+00 1.505519e+00 1.027859e+00
<GCONST> 9.389128e+01
~s "ST_p_2_1"
<MEAN> 25
 2.711044e-07 2.276736e-08 -6.105108e-08 -1.720701e-07 -1.586201e-07 9.768172e-08 -1.135738e-07 -1.298416e-07 7.694315e-08 -1.660590e-07 -1.083516e-07 -5.706868e-08 -2.818740e-03 -4.409721e-03 -4.277692e-03 -1.165964e-03 -3.608679e-03 5.208260e-03 -1.757075e-03 5.998432e-03 4.891248e-03 1.720927e-03 7.501529e-04 -5.307185e-03 6.137643e-03
<VARIANCE> 25
 2.670229e+01 2.794268e+01 3.749356e+01 3.307458e+01 5.256620e+01 4.928032e+01 4.561777e+01 4.954230e+01 4.604616e+01 3.096663e+01 2.869331e+01 1.969207e+01 8.024186e-01 8.637462e-01 9.762595e-01 1.208383e+00 1.860729e+00 1.938551e+00 2.342637e+00 2.054597e+00 2.126093e+00 1.768907e+00 1.840738e+00 1.505519e+00 1.027859e+00
<GCONST> 9.389127e+01
~s "ST_p_3_1"
<MEAN> 25
 2.711044e-07 2.276736e-08 -6.105108e-08 -1.720701e-07 -1.586201e-07 9.768173e-08 -1.135738e-07 -1.298416e-07 7.694315e-08 -1.660590e-07 -1.083516e-07 -5.706868e-08 -2.818740e-03 -4.409721e-03 -4.277692e-03 -1.165964e-03 -3.608679e-03 5.208261e-03 -1.757075e-03 5.998432e-03 4.891248e-03 1.720927e-03 7.501529e-04 -5.307185e-03 6.137643e-03
<VARIANCE> 25
 2.670229e+01 2.794268e+01 3.749357e+01 3.307458e+01 5.256620e+01 4.928031e+01 4.561778e+01 4.954230e+01 4.604616e+01 3.096663e+01 2.869331e+01 1.969207e+01 8.024185e-01 8.637462e-01 9.762595e-01 1.208383e+00 1.860729e+00 1.938551e+00 2.342637e+00 2.054597e+00 2.126093e+00 1.768907e+00 1.840738e+00 1.505519e+00 1.027859e+00
<GCONST> 9.389127e+01
~s "ST_p_4_1"
<MEAN> 25
 2.711044e-07 2.276736e-08 -6.105108e-08 -1.720701e-07 -1.586201e-07 9.768172e-08 -1.135738e-07 -1.298416e-07 7.694315e-08 -1.660590e-07 -1.083516e-07 -5.706868e-08 -2.818740e-03 -4.409721e-03 -4.277692e-03 -1.165964e-03 -3.608679e-03 5.208261e-03 -1.757075e-03 5.998432e-03 4.891248e-03 1.720927e-03 7.501529e-04 -5.307185e-03 6.137643e-03
<VARIANCE> 25
 2.670229e+01 2.794268e+01 3.749357e+01 3.307458e+01 5.256620e+01 4.928031e+01 4.561778e+01 4.954230e+01 4.604616e+01 3.096663e+01 2.869331e+01 1.969207e+01 8.024186e-01 8.637462e-01 9.762595e-01 1.208383e+00 1.860729e+00 1.938551e+00 2.342637e+00 2.054597e+00 2.126093e+00 1.768907e+00 1.840738e+00 1.505519e+00 1.027859e+00
<GCONST> 9.389127e+01
~h "E"
<BEGINHMM>
<NUMSTATES> 5
<STATE> 2
~s "ST_E_2_1"
<STATE> 3
~s "ST_E_3_1"
<STATE> 4
~s "ST_E_4_1"
~t "T_E"
<ENDHMM>
~h "a"
<BEGINHMM>
<NUMSTATES> 5
<STATE> 2
~s "ST_a_2_1"
<STATE> 3
~s "ST_a_3_1"
<STATE> 4
~s "ST_a_4_1"
~t "T_a"
<ENDHMM>
~h "b"
<BEGINHMM>
<NUMSTATES> 5
<STATE> 2
~s "ST_b_2_1"
<STATE> 3
~s "ST_b_3_1"
<STATE> 4
~s "ST_b_4_1"
~t "T_b"
<ENDHMM>
~h "d"
<BEGINHMM>
<NUMSTATES> 5
<STATE> 2
~s "ST_d_2_1"
<STATE> 3
~s "ST_d_3_1"
<STATE> 4
~s "ST_d_4_1"
~t "T_d"
<ENDHMM>
~h "e"
<BEGINHMM>
<NUMSTATES> 5
<STATE> 2
~s "ST_e_2_1"
<STATE> 3
~s "ST_e_3_1"
<STATE> 4
~s "ST_e_4_1"
~t "T_e"
<ENDHMM>
~h "f"
<BEGINHMM>
<NUMSTATES> 5
<STATE> 2
~s "ST_f_2_1"
<STATE> 3
~s "ST_f_3_1"
<STATE> 4
~s "ST_f_4_1"
~t "T_f"
<ENDHMM>
~h "g"
<BEGINHMM>
<NUMSTATES> 5
<STATE> 2
~s "ST_g_2_1"
<STATE> 3
~s "ST_g_3_1"
<STATE> 4
~s "ST_g_4_1"
~t "T_g"
<ENDHMM>
~h "h"
<BEGINHMM>
<NUMSTATES> 5
<STATE> 2
~s "ST_h_2_1"
<STATE> 3
~s "ST_h_3_1"
<STATE> 4
~s "ST_h_4_1"
~t "T_h"
<ENDHMM>
~h "i"
<BEGINHMM>
<NUMSTATES> 5
<STATE> 2
~s "ST_i_2_1"
<STATE> 3
~s "ST_i_3_1"
<STATE> 4
~s "ST_i_4_1"
~t "T_i"
<ENDHMM>
~h "k"
<BEGINHMM>
<NUMSTATES> 5
<STATE> 2
~s "ST_k_2_1"
<STATE> 3
~s "ST_k_3_1"
<STATE> 4
~s "ST_k_4_1"
~t "T_k"
<ENDHMM>
~h "l"
<BEGINHMM>
<NUMSTATES> 5
<STATE> 2
~s "ST_l_2_1"
<STATE> 3
~s "ST_l_3_1"
<STATE> 4
~s "ST_l_4_1"
~t "T_l"
<ENDHMM>
~h "m"
<BEGINHMM>
<NUMSTATES> 5
<STATE> 2
~s "ST_m_2_1"
<STATE> 3
~s "ST_m_3_1"
<STATE> 4
~s "ST_m_4_1"
~t "T_m"
<ENDHMM>
~h "o"
<BEGINHMM>
<NUMSTATES> 5
<STATE> 2
~s "ST_o_2_1"
<STATE> 3
~s "ST_o_3_1"
<STATE> 4
~s "ST_o_4_1"
~t "T_o"
<ENDHMM>
~h "p"
<BEGINHMM>
<NUMSTATES> 5
<STATE> 2
~s "ST_p_2_1"
<STATE> 3
~s "ST_p_3_1"
<STATE> 4
~s "ST_p_4_1"
~t "T_p"
<ENDHMM>
~h "r"
<BEGINHMM>
<NUMSTATES> 5
<STATE> 2
~s "ST_r_2_1"
<STATE> 3
~s "ST_r_3_1"
<STATE> 4
~s "ST_r_4_1"
~t "T_r"
<ENDHMM>
~h "s"
<BEGINHMM>
<NUMSTATES> 5
<STATE> 2
~s "ST_s_2_1"
<STATE> 3
~s "ST_s_3_1"
<STATE> 4
~s "ST_s_4_1"
~t "T_s"
<ENDHMM>
~h "t"
<BEGINHMM>
<NUMSTATES> 5
<STATE> 2
~s "ST_t_2_1"
<STATE> 3
~s "ST_t_3_1"
<STATE> 4
~s "ST_t_4_1"
~t "T_t"
<ENDHMM>
~h "u"
<BEGINHMM>
<NUMSTATES> 5
<STATE> 2
~s "ST_u_2_1"
<STATE> 3
~s "ST_u_3_1"
<STATE> 4
~s "ST_u_4_1"
~t "T_u"
<ENDHMM>
~h "ng"
<BEGINHMM>
<NUMSTATES> 5
<STATE> 2
~s "ST_ng_2_1"
<STATE> 3
~s "ST_ng_3_1"
<STATE> 4
~s "ST_ng_4_1"
~t "T_ng"
<ENDHMM>
~h "sp"
<BEGINHMM>
<NUMSTATES> 3
<STATE> 2
~s "ST_sil_3_1"
<TRANSP> 3
 0.000000e+00 3.687303e-01 6.312698e-01
 0.000000e+00 9.823605e-01 1.763946e-02
 0.000000e+00 0.000000e+00 0.000000e+00
<ENDHMM>
~h "sil"
<BEGINHMM>
<NUMSTATES> 5
<STATE> 2
~s "ST_sil_2_1"
<STATE> 3
~s "ST_sil_3_1"
<STATE> 4
~s "ST_sil_4_1"
<TRANSP> 5
 0.000000e+00 1.000000e+00 0.000000e+00 0.000000e+00 0.000000e+00
 0.000000e+00 9.632485e-01 1.593627e-02 2.081521e-02 0.000000e+00
 0.000000e+00 0.000000e+00 9.813991e-01 1.860090e-02 0.000000e+00
 0.000000e+00 3.587936e-02 0.000000e+00 9.411096e-01 2.301102e-02
 0.000000e+00 0.000000e+00 0.000000e+00 0.000000e+00 0.000000e+00
<ENDHMM>
