   1        "u-r+f"    1    1.003299   1.019204   6.760180
   2        "u-r+u"    3    2.999991   2.999941   4.601078
   3        "u-s+a"    1    6.438490   2.006314   1.979652
   4        "u-s+i"    3   16.998882   4.999484   3.078568
   5        "u-s+u"    1    1.095424   2.003143   1.101324
   6        "h-y+u"    1    1.000329  10.997931  43.998428
   7        "u-t+a"    1   16.181894   4.437752   2.998600
   8        "k-e+b"    1    1.000810   1.022502   1.677869
   9        "k-e+m"    4    5.031101   5.627721   8.329411
  10        "k-e+r"    1    1.169577   1.273044   4.958902
  11           "sp"  364  1778.630127
  12        "k-i+a"    1   11.093226   2.871417   0.999957
  13        "k-i+m"    4   10.581465   5.430460   4.002159
  14        "k-i+t"    1    5.619843   7.016872   9.724910
  15        "d-E+k"    7   14.158868  21.925362  32.897980
  16        "k-l+u"    1    1.012965  10.777453   1.002559
  17        "x-i+m"    1   29.116713   1.738998   0.999968
  18        "k-o+a"    1    1.262833  12.740299   1.000515
  19        "k-o+l"    9   15.066913  24.393177  22.227703
  20        "k-o+m"   13   31.162188  33.455330  30.170813
  21        "k-o+s"    1    1.495667   4.378621   5.721062
  22        "k-o+t"    1    1.251467   2.712135   5.370772
  23         "l-ay"    1    8.953459  16.110971  37.889908
  24        "x-k+l"    1    1.000487   2.090904  35.005692
  25        "a-a+n"    1   14.997323   0.999904   0.999872
  26        "a-b+E"    1    5.999618   1.000935   1.006162
  27        "a-c+a"    2   54.681786   4.417181   4.655891
  28        "k-s+o"    1    7.708127   2.001938   1.818166
  29        "a-d+a"    5   31.720152  14.087453 141.572769
  30        "a-d+i"    1    1.199656   2.899912   1.099949
  31        "k-t+a"    1    8.520254   2.455495   2.070999
  32        "k-t+i"    2   17.961412   3.943414   2.081777
  33        "k-t+o"    4    9.999887   5.999907   9.999722
  34        "k-u+b"    1    6.133928   3.096886  16.982388
  35        "k-u+l"    1    5.965013   0.999867   0.999867
  36        "k-u+r"    1    8.015028   2.963809   0.999869
  37        "a-f+a"    1   11.914462   1.007183   3.357571
  38        "a-f+t"    4   13.975368   7.270408   5.866501
  39        "n-a+h"    1    1.000023   3.001064   7.057788
  40        "n-a+k"    2   48.049160  18.942633  42.990261
  41        "n-a+l"    1    5.626456   4.373119   0.999958
  42        "n-a+m"    4    4.313114   6.394108  41.212692
  43        "a-g+a"    3   19.999134  12.947546   4.802519
  44        "a-g+o"    1    3.007690   1.000424   1.031020
  45        "a-g+u"   12  105.356857  90.877907 107.205421
  46        "a-h+a"    2    1.999893   2.928918   8.751102
  47        "a-h+d"    1    0.999999   0.999999   1.999999
  48        "a-h+u"    1   30.614981   1.010679  35.961620
  49        "a-h+y"    1    1.001788   1.948125   6.060006
  50        "a-i+r"    2   20.479649   5.195862   1.999762
  51       "y-a+ng"    2   29.066372   2.007775   1.999931
  52        "n-d+E"    1    0.999910   1.955298   2.017628
  53        "n-d+a"    6    6.170050  12.324881  18.010849
  54        "n-d+i"    1    0.999897   1.442968   1.511331
  55        "n-d+u"    1    0.999997   2.856539   1.202079
  56        "a-j+a"    1    7.907472   6.368618   2.558127
  57        "x-t+r"    1    1.000126   0.999962   3.734762
  58        "n-e+t"    1    1.389155   2.359257   5.971389
  59        "a-k+a"    1    1.996804   3.724520   1.290157
  60        "a-k+i"    1    0.999951   1.811812   1.549395
  61        "a-k+s"    1    1.300741   1.036925   1.011128
  62        "a-k+t"    3    5.695075   5.304315  24.057341
  63        "a-l+a"    5   68.700226  26.667416  13.207505
  64        "a-l+i"    8   66.607269  21.566223  23.436604
  65         "d-ay"    1    9.335939  12.972741  37.024021
  66        "a-m+E"    1    4.000974  10.994081   1.360235
  67        "a-m+a"    3   42.999912  23.999159  10.048379
  68        "a-m+p"    1   19.999630   7.432981   5.946085
  69        "a-m+u"    3   54.289093  39.735657   9.887913
  70        "a-n+a"    1    0.999931   1.005627  24.064638
  71        "a-n+d"    6   63.337952   7.011889   5.999699
  72        "a-n+i"    2    4.380758   1.999958   1.999951
  73        "a-n+j"    1    6.720498   0.999985   0.999985
  74        "a-n+t"    5   31.028069  13.318522  14.145111
  75        "n-i+k"    1    6.403191   3.579027   2.958203
  76        "n-i+t"    1    3.831709   4.412497   1.576052
  77        "g-E+o"    5    5.754515   7.058862  13.031230
  78        "g-E+t"    1    4.863828   1.000114   4.135292
  79        "n-j+i"    1    0.999985   6.000109   0.999982
  80        "a-p+a"    2    8.650959   9.513672   7.940573
  81        "a-p+i"    1    4.145630   1.149193  25.674509
  82        "a-p+r"    1    0.999976   0.999976   0.999976
  83        "a-p+u"    6   32.675430  42.692291   9.643230
  84         "u+ng"    1    2.129499   1.000354   0.999986
  85        "a-r+a"    9   36.559494  12.718584  10.824127
  86        "a-r+i"    4   14.676488   5.002664   6.008015
  87        "a-s+a"    5   41.032955  10.882426   9.153161
  88        "a-s+i"    4   15.982204   6.014818  69.493965
  89        "a-s+u"    8   43.264507  19.753263  40.686466
  90         "u-ng"    1    9.005495   5.495288  33.499294
  91        "a-t+E"    1    5.095993   2.000548   1.008625
  92        "a-t+a"    1    1.663450   2.077420   3.935173
  93        "a-t+i"    3    8.478413   4.999548   4.999554
  94        "n-o+m"    1    3.881432   1.213052   3.378947
  95        "n-o+n"    1    8.717320   3.127672   4.117280
  96        "n-o+r"    1    5.083348   4.194273   2.831442
  97        "d-a+d"    1    1.000151   1.243602   5.952800
  98        "d-a+f"    4   38.030895   9.000505   8.907220
  99        "d-a+h"    4   43.087425  35.903332  40.834763
 100        "d-a+k"    1    6.221509   1.398403   0.999888
 101        "d-a+m"    1   11.912543   1.068274   0.999890
 102        "d-a+n"    5   43.414242   8.841034   9.723536
 103        "d-a+r"    2   28.364887  25.000387  60.231873
 104        "a-w+a"    3   44.720058  13.086921  85.334717
 105      "kh-u+sy"    1    6.993952   4.005711   0.999941
 106        "a-x+i"    2   11.073218   2.000478  31.037680
 107        "a-y+a"    3   34.899593  15.853791   4.222302
 108        "n-t+a"    5    6.493167   9.003447   9.988324
 109        "n-t+o"    2    1.999770   2.984549   2.048200
 110        "n-t+u"    1    1.531452   2.010518   6.600382
 111        "a-z+a"    1    1.000000   3.049147   2.950938
 112        "d-e+m"    1    1.047536   1.388998   1.000700
 113        "d-e+r"    3    5.130154   4.839411  19.866344
 114        "n-u+m"    1    0.999938   0.999938   0.999938
 115         "kh+a"    4  177.131119  15.999327  26.734318
 116         "kh+u"    1   46.106323   6.893171   2.105967
 117        "d-i+k"    2    6.186281   6.814742   3.148951
 118        "d-i+r"    3   21.197733   7.797715   3.004296
 119         "m-ay"    1    9.548037   9.318426  38.020550
 120         "sy+a"    3  112.008385  16.359392  32.637768
 121         "sy+u"    1   28.877920   4.637652  11.360250
 122       "ny-a+m"    1    0.999962   0.999965   1.000935
 123       "t-o+ng"    1    1.999071   1.007006   3.404999
 124       "a-m+ay"    1    1.000464   8.000272   8.131373
 125       "ny-e+l"    1    4.037259  10.956779   1.004401
 126       "ny-e+m"    1    2.167207   1.021223   1.005626
 127       "a-sy+i"    2    1.999864   2.049670  28.609621
 128        "g-a+g"    1    1.056033   2.107488  11.859753
 129        "g-a+h"    1    1.000679  11.998528   1.244996
 130        "g-a+s"   16   39.775040 135.812271 372.164398
 131       "b-i+ng"    1    1.487662   3.365666   1.003899
 132        "g-e+n"    1    2.679562   1.205115   3.047197
 133        "t-a+h"    1    1.029659   5.139270  13.222248
 134        "t-a+p"    2    9.013625   3.109866  15.064201
 135        "t-a+r"    7   91.344345  44.634304 127.003830
 136        "t-a+s"    5   31.285866  45.083420  33.199852
 137        "t-a+y"    1    2.992866   1.020298   0.999976
 138        "t-e+l"    2    2.217827   2.974908   5.712817
 139        "t-e+r"    1    1.015396   1.035114   2.092651
 140          "E+m"    1    2.730492   2.616434   2.324789
 141          "E+n"    1    1.000010   1.249041   5.687217
 142          "E+x"    2    3.963938   1.999859  50.294220
 143          "E-k"    1    3.037110   1.000233   0.999920
 144          "E-n"    1    7.940898   6.149801  36.852230
 145          "E-o"    5   12.424620  19.988478  26.381525
 146          "E-r"    9   29.190306  68.581154 190.273254
 147          "E-s"   13   37.613838  13.728790  13.181330
 148          "E-y"    1   10.178215  11.816501  39.468643
 149        "t-i+d"    1    0.999888   0.999888   1.023170
 150        "t-i+f"    2    5.903768   9.074595   4.730931
 151        "t-i+k"    1    0.999882   0.999882   0.999882
 152        "t-i+r"    1    3.763815   2.326361   0.999918
 153        "g-o+a"    1    3.802668  16.688313   1.658692
 154        "g-o+y"    1    1.029402   5.969798   3.056790
 155        "m-E+n"    3    6.645961   7.997286  19.054659
 156        "m-E+r"    1    1.415689   9.087152   1.161423
 157        "g-r+a"    1    0.999959   0.999993   1.100564
 158         "n-aw"    1    0.999837   0.999837   0.999837
 159        "t-o+n"    1    1.974837   5.028661   5.040921
 160        "t-o+r"    4    7.649260  20.396629   9.898639
 161        "g-u+b"    1   11.437955   3.589967   5.971568
 162        "g-u+d"    1    8.939654   4.055148   1.544707
 163        "g-u+s"   11   94.034790  48.526775 131.999115
 164        "z-E+b"    2    4.750626   4.271274   5.464701
 165        "j-a+g"    1    4.189991   1.929716   0.999974
 166        "j-a+r"    1    2.160641   3.835647   0.999939
 167        "j-a+s"    1    2.100138   2.893555   0.999937
 168       "d-a+ng"    1    7.574488   1.006431   0.999951
 169        "t-r+a"    1    6.323910   1.977215   1.000240
 170       "a-n+aw"    1    4.999187   0.999837   0.999837
 171        "j-e+r"    1    0.999941   0.999947   1.000005
 172        "t-u+g"   16  101.779045  42.434826 105.262756
 173        "t-u+s"    1   23.309313   4.071570   0.999880
 174        "w-a+f"    1    2.761501   4.288677   2.822031
 175        "w-a+h"    3   11.305958  40.380852  59.737846
 176        "w-a+n"    1    6.781993   1.000446   0.999985
 177        "w-a+t"    1    7.216252   2.033985  11.000512
 178        "j-i+r"    1    7.095193   2.855125   0.999978
 179       "r-ny+a"    1   27.885027   4.118019  34.991840
 180       "u-l+ay"    1   23.926224   5.010830   1.106512
 181        "p-E+E"    8   33.435146  30.275606  24.572573
 182        "p-E+n"    1    1.008662   2.605470   3.147482
 183          "a+a"    1   10.009737   2.950625  14.040155
 184          "a+d"    3   61.538723  26.544159  68.699043
 185          "a+g"   11   57.885372  34.360542 168.069305
 186          "a+i"    1   17.765671   2.054919   1.013689
 187          "a+k"    2    4.045051   7.564961  15.673681
 188          "a+n"    3   20.013332   4.011489  35.909809
 189          "a+p"    1   15.056420   2.782316  17.168322
 190          "a+t"    1    0.999902   1.001229  40.252918
 191          "a+y"    1    6.055202   1.010578   0.999991
 192          "a+z"    1    1.000614   1.154474   5.984608
 193          "a-K"    1    0.999878   0.999878   0.999878
 194          "a-a"    1   16.075163   1.948328  53.974648
 195          "a-b"    1    1.013275   1.001838   1.000182
 196          "a-f"    1    0.999814   0.999814   0.999814
 197          "a-h"   26  392.475769  48.313564  47.948792
 198          "a-k"    5    7.000298   5.003459   5.327415
 199          "a-l"    4   13.983727   5.036340   8.873274
 200          "a-m"    4   21.913540   7.434971   7.923028
 201          "a-n"   13   60.592857  63.899353 382.932739
 202          "a-p"    2    5.003626   2.559663  13.105895
 203          "a-r"    8   28.764486  17.717558  65.701103
 204          "a-s"   22   75.246132  28.766470  25.787453
 205          "a-t"   17  132.364212  41.350895  35.707085
 206          "a-y"    4   34.019268  31.806911 125.956459
 207        "j-u+r"    1    0.999920   0.999920   0.999920
 208          "b+a"    8   23.399397  11.986081  18.366056
 209          "b+e"    4   10.278418   6.314086  10.997584
 210          "b+i"    7   20.782108  65.613838  13.588580
 211          "b+o"    1    2.997050   1.000140   1.000024
 212          "b+u"   13   46.683067 100.156563 152.646057
 213          "b-E"    1    0.999992   3.335399   6.741800
 214        "m-a+g"    1   11.809523   1.798868   0.999974
 215        "m-a+h"    1   21.438002   3.801286  12.520161
 216        "m-a+l"    1    7.620188   0.999951   0.999951
 217        "m-a+m"    1   18.938490   3.127362   1.004757
 218        "m-a+n"    2    3.925972   2.002501   1.999842
 219        "m-a+r"    1    1.928067   0.999968   0.999965
 220        "m-a+s"    9   46.863842  39.636669  46.971119
 221        "m-a+t"    5   22.414345  32.059402  66.017059
 222        "m-a+x"    1   11.968346   1.089458   0.999954
 223        "m-a+y"    1    9.589602   1.007004   0.999916
 224          "c+a"    1   45.996925   1.999848   3.011807
 225          "c+i"    1   23.027376   2.415609   3.987898
 226          "c-a"    2   22.765324  16.903759  16.895380
 227        "m-b+E"    1    1.000061   0.999945   1.000135
 228        "m-b+a"    3    4.697539   5.242616  22.167810
 229        "m-b+i"    1    1.078231   1.089362   1.000391
 230          "d+E"    6   77.809799  14.138665  18.973223
 231          "d+a"   10  110.764290  63.432262  34.246086
 232          "d+e"    3   16.311539   4.999846   5.992091
 233          "d+i"    4   73.086998   9.616174  10.254977
 234          "d-a"    4   29.248579  22.516479 170.030624
 235          "d-i"    1    3.871298   1.232072   0.999902
 236          "d-u"    1    9.893196   2.918241  36.975334
 237          "e+m"    1    1.000424   0.999999   0.999999
 238          "e-t"    1    3.999114   0.999946   0.999946
 239          "f+E"   30  736.203613 134.380539 142.195679
 240          "f+a"    2   38.252266   8.850667   5.453116
 241          "f+i"    5   99.237144  21.681334  22.581137
 242          "f+o"    1   43.236580   2.787930   2.905192
 243          "f+u"    1   21.652702   2.933919   2.007645
 244        "m-e+l"    1    0.999998   0.999998   0.999997
 245        "m-e+n"    1    1.006066   1.318325   3.370159
 246          "g+E"    5   25.939775  61.377037  11.342763
 247          "g+a"    1    3.778931  11.324926   0.999984
 248          "g+e"    1    3.062703   1.252198   4.583463
 249          "g+o"    1    3.025602   1.000098   0.999969
 250          "g+u"    2    3.978085   2.005579   2.001918
 251          "g-a"    2    2.057634  18.228201  74.827248
 252          "g-u"    1    8.860333   3.144360  45.669888
 253       "m-e+ny"    3    3.001236   3.998171   3.247965
 254          "h+a"    7   59.466759  54.232498  27.967400
 255          "h+i"    1    1.018103   8.738027   5.261610
 256          "h+o"   15  377.394714 185.681015  35.344662
 257          "h+u"    1    0.999996   0.999996   0.999996
 258          "h-u"    1    6.943350   4.008066   2.000507
 259         "o+ng"    1    4.016652   1.181071   2.939927
 260        "z-a+b"    1    1.002338   2.000843   7.915638
 261          "i+s"    8   78.591286  36.703243  19.503000
 262          "i+y"    1    0.999998   0.999990   0.999990
 263          "i-a"    4    5.602221  11.951914  79.664719
 264          "i-f"    2   54.502064  30.933826   4.994662
 265          "i-k"    6   45.741798   9.263969  13.007587
 266          "i-n"   19   76.785484  78.745384 277.386719
 267          "i-o"    5    8.242156  11.999864  20.063530
 268          "i-r"    4   18.041313  44.045280  60.521202
 269          "i-t"    1    5.895935   1.261370   0.999991
 270          "i-x"   12   96.687325 164.553802  91.098785
 271          "j+a"    3   63.997772  22.999876  29.887653
 272          "j+e"    1   55.195499   7.009782  13.989539
 273          "j+u"    1   45.884602   7.999440   0.999920
 274          "j-a"    1    2.012604   4.067590  16.562704
 275         "o-ng"    2   12.604568  11.001307  66.852211
 276       "l-a+ng"    1    1.007938   8.717175   1.002434
 277        "m-i+a"    4   31.545187  16.924255   6.093141
 278        "m-i+c"    1    5.279776   4.186131   1.226060
 279        "m-i+n"    1    1.984724   3.003043   1.000008
 280          "k+a"    5    6.953724   6.318736   9.801261
 281          "k+e"   18  205.760696  42.149063  19.641838
 282          "k+i"    5    5.455758   8.716918  10.862578
 283          "k+o"    8   13.781929  14.041498  13.409310
 284          "k+u"    2    4.797203   3.820856   3.089523
 285          "k-a"   11  118.814957 108.404572 181.365845
 286          "k-e"   12   17.313942  26.387896 156.942413
 287        "f-E+d"    1    1.047558   1.036561   1.000294
 288        "f-E+g"    1    3.021388   1.833448   5.162796
 289        "f-E+k"    1    4.265370   3.142377   7.815331
 290        "f-E+l"   13   43.565613 105.177261  46.411327
 291        "f-E+n"    1    5.059282   1.842349   2.111594
 292        "f-E+r"   13   41.127174 137.315140  33.430141
 293        "f-E+y"    1    2.004865   0.999907   0.999915
 294          "l+E"    1    0.999972   1.926715   2.410207
 295          "l+a"    3    3.993457  20.276056   7.912809
 296          "l+e"    1    0.999979   0.999979   0.999979
 297          "l+u"    2    1.999709   1.999821   2.074773
 298          "l-E"    1    1.000956   1.006199   1.000818
 299          "l-a"    3   41.640121  44.015560 108.039467
 300          "l-i"   14   70.917679  69.656723 344.876923
 301          "m+E"    1    2.658354   1.914471   3.354869
 302          "m+a"   15  114.451996  68.376358  25.328758
 303          "m+b"    1    0.999942  22.996769   0.999897
 304          "m+e"    5   27.649158  13.972891   7.709241
 305          "m+i"    2    2.153530   3.839267   3.999830
 306          "m+u"    1    3.455937   1.485432   1.013309
 307          "m-a"    3   39.537216   7.413745  59.206715
 308          "m-u"    1    9.929101   4.058825  56.944649
 309          "n+a"    5    7.894424   9.001295  55.057240
 310          "n+o"    1    0.999791   1.035016  30.910042
 311          "n-a"    1    0.999928   1.000499   2.015634
 312          "o-n"    1    5.913570   4.798710   4.202551
 313          "o-r"    1    6.736136   3.737985   7.729976
 314          "o-s"    1    1.000421   0.999980   0.999980
 315          "o-t"    1    4.917728   4.958230   1.037858
 316          "o-y"    3   26.964773  33.007343 115.727325
 317          "p+E"    9   20.271706  14.669120  43.184891
 318          "p+a"    5   21.462116  12.595181   7.203104
 319          "p+e"    1    0.999946   0.999946   0.999946
 320          "p+i"    3    8.076144   3.007809   3.228430
 321          "p+o"    4   13.253796   3.999939   3.999939
 322          "p+u"    2    7.406888   2.006268   2.000010
 323          "p-a"    1    5.675978   6.826528  43.172489
 324        "z-i+n"    1    1.003466   1.990792   1.005456
 325        "m-p+a"    2   10.547905   9.156188   2.002907
 326        "m-p+r"   13   66.796043 110.054863  28.967005
 327          "r+E"    3    2.999801   5.732158  45.352627
 328          "r+a"    3    5.322437   8.978512   5.051849
 329          "r+u"    1    1.003173   1.002278   1.009529
 330          "r-E"    1    4.058143   0.999927  10.939774
 331          "r-a"    6   38.080708  30.273861  96.509758
 332          "r-i"    4   24.004454  19.767191  48.299973
 333          "r-u"    1   13.277925   4.720855   1.766950
 334        "c-a+b"    1   31.521126  18.676949  33.783398
 335        "c-a+k"    1    6.002289  18.941923  23.055853
 336        "c-a+r"    1    6.350332   3.655692   3.649678
 337       "r-i+ng"    1    6.856914   2.698382   0.999871
 338          "s+a"    8   60.825565  21.936018  26.433594
 339          "s+e"   19  134.029205  43.155170  54.475494
 340          "s+i"    3   41.536758   7.017181  11.551965
 341          "s+u"    4   37.139038   9.006495   7.035044
 342          "s-a"    2    6.004773  17.334314  84.604271
 343          "s-i"   17  151.416702  72.616867 217.809021
 344          "s-o"    1    1.898926   1.077931   4.202644
 345          "t+a"    1    3.019148   3.931970   1.003774
 346          "t+e"    2   59.924641   5.324891   2.273505
 347          "t+i"    1    3.760622   1.000612   0.999890
 348          "t+u"   16  334.251556  35.092041  64.032021
 349          "t-E"    1    1.000119   0.999972   0.999972
 350          "t-a"    2   19.003618  15.943308   7.307176
 351          "t-i"    1    1.750162   3.255207   2.069659
 352          "u+b"    5   50.147495  11.991212  37.567078
 353          "sil"  172  3514.150879 1778.630127 1145.064209
 354          "u-f"    1   47.734627   1.000637   1.000178
 355          "u-h"    2   79.821991   2.002131   3.999966
 356          "u-k"   11   25.845112  15.807978  40.431831
 357          "u-m"    1    3.002293   3.005055   1.605523
 358          "u-p"    1    5.332572   2.884463   1.017513
 359          "u-r"    3   13.002563  14.247099  21.515717
 360          "u-s"   19   74.550148  40.471729  49.131413
 361        "m-u+k"    1    5.942804   3.160944   3.819426
 362        "m-u+l"    3    6.033286   2.999794   3.999688
 363        "m-u+s"    1    9.210348   4.890162   2.218470
 364          "w+a"    3   84.176445  11.253007  28.958523
 365        "p-a+d"    1    0.999904   4.952502  31.519409
 366        "p-a+h"    1    1.981148  17.030584  43.966873
 367        "p-a+k"    1    3.521624  16.254536  24.086746
 368        "p-a+n"    4   20.144028   4.009511   4.266992
 369        "p-a+p"    1    1.098302   5.894309   2.094587
 370          "x-i"    1    3.002806   3.996670  11.865751
 371          "y+o"    1    0.999974   0.999975  27.006456
 372       "u-sy+u"    1    0.999940   0.999940  19.999716
 373          "y-a"    1   14.044592  10.055757  38.880722
 374          "y-o"    1    2.464023   1.004524   1.425492
 375          "y-u"    1    0.999956   1.004921   0.999955
 376          "z+E"    2   21.999847   9.998807   3.050843
 377        "c-i+c"    1    4.038179   4.961458   1.001267
 378        "c-i+n"    1    3.926027   3.074253   0.999987
 379        "p-e+r"    1    0.999946   0.999946   0.999946
 380       "r-a+ng"    7   45.451138  10.399885   7.962440
 381        "p-i+a"    1    9.914936   4.131438   1.006402
 382        "p-i+n"    3    4.332511   7.355855   3.000000
 383         "ng+o"    1    0.999805   1.000202  23.999018
 384         "ng-u"    1    1.000055   1.975948   1.988214
 385      "ny-o+ny"    1    0.999834   0.999834   0.999834
 386        "E-E+r"    8   12.221652  30.150129  19.283636
 387        "p-o+s"    4    3.999939   7.964180  20.114021
 388        "p-o+y"    3    9.109634  18.986179  12.998796
 389        "f-a+k"    1    7.957387   2.032283   1.953133
 390        "f-a+n"    1    7.591838   1.024079   0.999837
 391        "f-a+t"    1    8.125336   2.632221  46.894573
 392        "p-r+E"   13   25.196651  71.974770 446.374298
 393        "p-r+i"    1    0.999976   0.999976   0.999976
 394       "a-ng+a"    2   40.417503   7.514042   1.999855
 395       "a-ng+i"    1   17.998291   0.999970   0.999970
 396        "p-u+s"    7   33.600803  25.235662  61.103333
 397        "p-u+t"    1    2.576962   4.291027   3.967569
 398        "s-a+k"    1    8.151944   1.023984   0.999947
 399        "s-a+l"    5    9.934811   6.144423   8.655071
 400        "s-a+n"    2   15.053492   2.019819   1.999922
 401        "s-a+r"    2   32.490673   8.470599   2.005707
 402        "s-a+t"    2   16.219797  34.917397  60.520039
 403        "s-a+w"    1    0.999967   0.999967   0.999967
 404        "s-a+y"    1   13.689238   4.532371   1.235678
 405        "f-i+s"    5   18.686970  17.741980   8.283207
 406        "f-i+t"    1    2.551144   3.447832   1.001180
 407        "s-e+k"   13   17.221361  22.818554  50.234707
 408        "s-e+l"    2    2.748889   3.262423   2.969908
 409        "s-e+p"    3    3.999652   4.000957  10.007648
 410        "s-e+t"    1    1.917441   1.036242   4.991406
 411         "ny+a"    1    0.999956  13.996498  25.338070
 412         "ny+o"    1    0.999920   0.999920  17.751802
 413         "ny-a"    2    2.001052   4.986361   4.300914
 414         "ny-i"    1    0.999931   0.999932   1.405416
 415        "s-i+a"    2   22.015722   7.874517   2.002568
 416        "s-i+f"    1    0.999915   0.999915   1.061512
 417        "s-i+k"    5   10.439687  17.011253  17.169504
 418        "s-i+r"    1   22.487524   3.510768   1.000027
 419        "s-i+s"    4   20.117252  18.863436   9.676806
 420        "s-i+t"    1    3.105350   4.891930   0.999976
 421        "s-i+y"    1    0.999968   1.000038   1.000497
 422        "f-o+l"    1    2.533003   6.543422   5.246553
 423        "f-o+r"    2    4.203793  12.126982   2.202792
 424        "l-E+l"    1    1.001622   4.676415   5.034679
 425       "m-o+ng"    1    2.871038   3.421317   4.349528
 426        "f-t+a"    4   10.991051   6.999861  11.999528
 427        "f-u+l"    1    4.040673   1.007749   0.999933
 428       "a-ny+i"    1   56.012218   1.238596  22.876007
 429        "i-a+a"    1    1.817193   5.039655   3.142233
 430        "i-a+h"    1    2.485275  18.635006   9.501594
 431        "i-a+n"    2   14.613771   2.362123   1.999858
 432        "i-a+s"    4   23.044844  15.999003   4.965268
 433        "i-c+a"    2   77.947395   3.021670   4.999684
 434        "i-c+i"    1   10.296878   1.999978   3.999962
 435        "i-d+a"    1    8.204892   2.715116  14.662099
 436        "s-u+a"    1   15.870155   1.005666   0.999971
 437        "s-u+k"    9   30.390537  24.988495 154.655518
 438        "s-u+m"    1    2.095451   1.002094   0.999948
 439        "s-u+r"    2   12.997460   4.767405   2.441216
 440        "i-f+i"    1    2.741779   1.011713   1.999671
 441        "E-b+r"    2    2.002238   2.124226   7.150278
 442        "E-d+e"    1    0.999997   0.999997   0.999996
 443        "b-E+r"    1    1.004405   9.963349   1.000794
 444        "E-f+o"    2   16.971609   6.172237   3.536328
 445        "i-k+a"    6   13.151611  12.401283  14.617415
 446        "i-k+o"    1    0.999917   0.999917   1.005517
 447        "E-g+E"    1    1.002876   0.999907   0.999908
 448        "i-m+a"    1    4.575264   1.946218   1.000340
 449        "i-m+b"    1    0.999906  17.664564   1.383163
 450        "i-m+i"    4    3.999754   8.082316   5.918058
 451        "i-n+a"    1    0.999954   0.999954   0.999920
 452        "i-n+d"    3   32.080421   4.919561   3.000000
 453        "i-n+u"    1   32.058064   5.911233  32.056145
 454       "e-ny+a"    1    0.999951   1.022557  44.726933
 455       "e-ny+e"    2    9.999463   9.001147  49.994560
 456        "E-k+a"    1   18.002579   2.014369   2.051539
 457        "E-k+o"    5   30.208733  11.553299  10.844299
 458        "E-k+t"    4    7.003911   3.999915   4.999911
 459        "E-l+E"    1    9.575983   2.365597   1.802363
 460        "E-l+a"    1   16.787035   1.999813   1.000297
 461        "E-l+i"   12   48.208614  20.747475  33.114964
 462        "E-l+o"    1    1.004621   1.001562   0.999977
 463        "E-m+b"    1    1.098668  12.975583   1.011973
 464        "i-r+E"    3    4.948565   3.051132   2.999916
 465        "i-r+u"    1    7.391129   1.608433  14.608125
 466        "E-n+a"    2    1.999916   2.000047  39.249920
 467        "E-n+d"    1    8.000759   0.999977   0.999910
 468        "E-n+o"    1    0.999981   0.999981   0.999981
 469        "E-n+t"    1    0.999996   1.001129   1.457150
 470        "i-s+i"   17  107.782372  31.090183  29.191816
 471        "i-t+a"    3   14.996529   6.275646   7.737870
 472       "d-u+ng"    1    6.937329   1.003945   0.999996
 473        "l-a+g"    1   21.869541   2.271178   8.874381
 474        "l-a+h"   10   44.521061  94.652481 114.158546
 475        "l-a+l"    2    2.198238   2.000011   1.999939
 476        "l-a+m"    1    9.107370   1.046472   0.999883
 477        "l-a+n"    1    3.590866   0.999982   0.999982
 478        "l-a+r"    1    6.345773   4.467675   0.999963
 479        "l-a+t"    3   11.216027  34.169262  88.719925
 480        "E-r+a"    1    1.121101   2.908607   1.035692
 481        "E-r+b"    1    3.158041   1.001792   0.999966
 482        "E-r+i"   11   20.152493  15.153993  18.197855
 483        "E-r+m"    1    1.000144   2.873281  24.177292
 484       "ng-a+n"    1    1.000592   1.016426   1.983438
 485       "ng-a+t"    1    2.791018   3.234867   1.997036
 486        "E-t+a"    1    0.999927   0.999927   2.999781
 487         "i-ng"    2   11.442351  15.992412  49.579422
 488        "i-y+a"    1   29.009718   3.990662   0.999998
 489        "i-y+o"    1    1.000041   0.999953   0.999950
 490        "l-e+r"    1    3.406916   2.162067   9.771340
 491        "l-e+s"    1    0.999905   0.999911   1.010387
 492        "l-e+t"    1    1.609124   2.131761   8.258315
 493        "y-a+l"    1    2.905783   1.000302   0.999981
 494        "y-a+m"    1   14.453205   1.704553  33.841747
 495        "E-x+k"    1    2.903356   1.001136  30.033041
 496        "E-x+t"    1    7.670483   0.999905  20.035151
 497        "l-i+a"    2   24.806089   6.358669   2.000393
 498        "l-i+k"    1    3.166037   6.217217   1.206925
 499        "l-i+n"    5   24.600206  24.120277  11.625074
 500        "l-i+x"   12   26.181723  35.925495  29.856667
 501       "ng-i+n"    1    6.898199   4.080214   5.024072
 502       "o-ng+k"    1   11.261022   4.015752   2.619848
 503        "l-k+a"    1    6.947581   1.963124   2.183107
 504       "ng-k+o"    1    1.993157   1.979908   1.042371
 505         "a+ng"    1   10.987194   1.000647   0.999969
 506         "a+sy"    2   15.388645   4.386342   1.999864
 507        "l-o+g"    1    0.999971   1.117081   0.999985
 508        "l-o+s"    1    1.005281   2.978097   4.782532
 509         "a-ng"   10   32.031620  38.241547 178.205139
 510        "r-E+f"    2   13.000691   5.728260  12.057758
 511        "r-E+k"    3    3.999902   3.999839  20.995264
 512        "r-E+l"    1    5.952249   9.112435   1.048158
 513        "r-E+s"   13   31.179399  33.712708  29.413765
 514       "ng-o+m"    1    6.905850   4.203034   3.954145
 515        "b-a+K"    1    2.621728  14.199213  40.063263
 516        "b-a+c"    1    9.054782   2.218249   1.380739
 517        "b-a+d"    1    1.000199   1.914088  28.868845
 518        "b-a+h"    6   41.300140  39.993755  23.195456
 519        "b-a+k"    1    4.026998   3.058919   6.649704
 520        "b-a+l"    4   15.243128  10.833180   4.003291
 521        "y-k+o"    1    6.448810   2.721171   1.029348
 522        "b-a+n"    2   14.708501   2.099033   1.999983
 523        "b-a+p"    1    8.895907   2.349630  17.332428
 524        "b-a+t"    1    1.002199  13.071563  31.377197
 525       "sy-a+h"    1    8.528746  13.471250   0.999999
 526       "sy-a+i"    1    9.877575   3.170898  19.951117
 527       "sy-a+r"    1   23.062826   3.932445   0.999825
 528        "y-o+m"    1    0.999951   0.999951   0.999989
 529        "b-e+l"    1    2.557582   1.063654   5.393181
 530        "b-e+r"    4    5.001178   5.474000  13.902354
 531        "y-o+y"    1    9.256500   6.330956   3.070967
 532        "l-u+h"    1    4.959209   4.577610  19.326416
 533        "l-u+l"    1   26.805458   1.005005   1.008090
 534        "l-u+r"    2   23.996336   4.062053   1.999836
 535        "l-u+s"    2   12.843022   6.923467   2.002722
 536         "r-ah"    1    6.358249   6.358220  20.041580
 537         "r-aw"    1    5.566397   5.566398  12.725969
 538        "o-a+l"    1    1.000351   0.999987   0.999987
 539        "o-a+n"    1   10.690804   0.999945   0.999901
 540        "b-i+c"    1    1.018910   2.960057   1.024506
 541        "b-i+m"    1    1.545546   2.281923   0.999871
 542        "b-i+o"    5   19.204643  12.053651  10.000277
 543       "sy-i+k"    2    7.517775   8.472156   9.215338
 544       "o-ny+a"    1    0.999834   1.000075  14.298068
 545        "o-g+r"    1    0.999948   0.999948   0.999948
 546       "n-d+ay"    1    0.999950   2.065414   3.596311
 547        "b-o+y"    1    1.000019   2.848198   3.257144
 548       "u-ng+u"    1   30.869202   4.041190  42.959858
 549        "o-l+a"    9  103.138557  54.410934  22.721682
 550        "o-l+i"   12  142.359940  44.815811  33.057144
 551        "o-l+o"    1   12.725564   1.001454   0.999952
 552        "o-l+u"    1    0.999990   1.010782   1.003457
 553        "b-r+a"    2    4.852924   2.276396   2.181603
 554        "o-m+E"    1    1.427702   1.047515   1.051501
 555        "o-m+a"    1    0.999968   7.625070   3.031342
 556        "o-m+o"    1    1.035147  11.711335   1.502718
 557        "o-m+p"   13   22.314325  83.089294  69.222633
 558        "o-n+o"    1    2.000526   0.999928   0.999928
 559        "o-n+t"    1    8.965332   2.070052   0.999834
 560        "b-u+a"    8   21.837309  18.177416  26.530634
 561        "b-u+k"    5    9.686621  19.166975  39.080742
 562        "b-u+s"    2   15.499943  10.470057  75.472572
 563       "sy-u+k"    2   10.103359   7.875747  19.963804
 564        "e-b+e"    1    1.256547   2.753046   1.675174
 565        "o-r+E"    1    2.539553   1.930390   0.999921
 566        "o-r+i"    3    3.052162   3.072180   3.927507
 567        "o-r+m"    2    2.000334   1.999650   1.999650
 568        "o-s+i"    5   22.595331   7.161625  12.404821
 569       "e-r+ah"    1    1.146592   1.878506   2.117161
 570       "e-r+aw"    1    1.262978   4.379022   1.272126
 571      "ny-a+ny"    1    1.000858   1.812958   1.180477
 572       "kh-a+s"    1    7.965533   2.935284   0.999940
 573       "kh-a+w"    1    0.999944   1.001263   0.999918
 574       "kh-a+y"    2    8.420551   2.000488   1.999895
 575        "r-a+f"    1    2.269589   3.950943   0.999814
 576        "r-a+h"    1   18.036152  19.348251   2.293197
 577        "r-a+j"    1   19.001162   1.959273   1.129638
 578        "r-a+l"    1    4.993889   1.002783   0.999970
 579        "r-a+m"    2   11.000994   2.000067   4.899389
 580        "r-a+p"    1    0.999946   0.999946  41.997719
 581        "r-a+s"    1    0.999997   0.999997   0.999997
 582        "r-a+x"    1   10.967768   1.000762   0.999870
 583        "r-a+y"    1    9.364523   1.006262   0.999965
 584        "r-b+a"    2    5.001406   2.001032  20.923616
 585        "o-y+a"    1   15.595887   5.406185   0.999969
 586        "o-y+k"    1    4.898228   5.514801   2.032562
 587        "o-y+o"    1   13.333751  12.006459  61.998074
 588        "e-k+a"    4   15.138756   5.274842   9.639432
 589        "e-k+o"    9   71.187332  23.100609  16.047285
 590        "r-f+E"    1    2.458293   1.584131   1.961121
 591        "e-l+a"    4   46.087818  35.217190  11.507916
 592        "e-l+e"    2    3.457163   9.094668   4.055479
 593        "e-l+u"    1   23.876572   2.960980   1.000601
 594        "e-m+a"    4   23.340631  31.405804  19.726053
 595        "e-m+b"    2    7.040071  11.967473   2.000251
 596        "e-m+u"    1    1.012261   6.698692   1.298812
 597        "e-n+e"    1    3.992328   0.999967   0.999967
 598        "e-n+t"    1   16.167276   1.000283   0.999936
 599        "r-i+a"    1    7.775117   2.223139   0.999921
 600        "r-i+k"    1    3.898468   4.100809  10.998030
 601        "r-i+n"   12   88.823318  49.910450  21.800240
 602        "e-p+o"    3    4.990582   2.999875  58.900932
 603        "e-r+a"    6   43.383892  18.968382  12.104906
 604        "e-r+b"    1   11.912416   1.935996   1.000145
 605        "e-r+m"    1    1.000709   0.999974   0.999974
 606        "e-r+s"    1    1.636345   1.363474   0.999940
 607        "e-r+z"    1    2.277969   7.570812   0.999960
 608        "r-m+E"    1    0.999996   0.999996   0.999996
 609        "r-m+a"    2    7.947436   8.023580   4.958203
 610        "r-m+u"    1    4.049461   4.946829   1.003223
 611        "e-s+a"    1    0.999891   1.000283   3.904607
 612        "e-t+a"    1   10.279455   1.996625   2.999635
 613        "e-t+e"    1    0.999890   0.999890   1.873236
 614        "h-a+g"    1    7.493595   2.661433   3.113827
 615        "h-a+k"    1    4.286578  16.713779  48.985260
 616        "h-a+p"    6   35.541817  24.128557  38.382645
 617        "h-a+s"    1    8.049396   2.998615   0.999952
 618        "r-s+a"    1    0.999940   0.999940   1.999880
 619        "h-d+u"    1    0.999992   1.081676   5.106796
 620       "m-a+ng"    1    3.993433   1.009710   0.999906
 621        "r-u+f"    1   11.007600   3.800492  15.454241
 622        "r-u+h"    1    9.277420   3.117986  13.427286
 623        "r-u+m"    1    1.940693   2.051301   1.018990
 624        "r-u+p"    1    0.999880   1.002136  42.701683
 625        "u-a+n"    1   13.829106  10.151505   6.931403
 626        "u-a+r"    1    4.002145   1.003718   0.999945
 627        "u-a+t"    7   10.627584  27.316519  72.790443
 628        "u-b+a"    5   20.214298  30.007690  62.478535
 629        "u-b+u"    2   12.004743   2.052775   2.000632
 630        "h-i+a"    1   13.733087   2.267288   0.999966
 631        "u-d+a"    1    9.454694   2.016992   4.401617
 632        "r-z+i"    1    0.999960   0.999960   1.000083
 633        "u-g+a"   16  148.548996 128.177185 126.953568
 634        "h-o+l"   13   34.438435  31.695316  44.114952
 635        "h-o+n"    1    1.129007   1.879784   4.990513
 636        "h-o+r"    1    1.014020  16.047012   4.473961
 637        "u-k+a"    5    8.232402  10.740424  13.050306
 638        "u-k+u"    1    2.026692   2.001315   1.038736
 639        "u-l+a"    1    1.000596   1.860615   1.259310
 640        "u-l+i"    2    1.999796   6.958312  13.680015
 641        "u-l+k"    1    2.948715   1.046128   1.990237
 642        "u-l+u"    1    1.088446   1.039871   1.006032
 643       "o-r+ny"    1    1.355908   2.533960   0.999927
 644        "u-m+a"    1   20.061604   2.053492   2.633873
 645        "u-m+p"    1    1.000196  13.399197   6.427344
 646        "h-u+r"    1   11.999400   3.718182   3.282241
 647        "k-a+c"    1    2.829957  18.143702   1.747398
 648        "k-a+l"    1    0.999833   0.999833   0.999833
 649        "k-a+m"    2    1.999911   2.001169 102.903114
 650        "k-a+n"    2   16.543798   2.000126   1.999943
 651        "k-a+r"    4   73.449326   8.908959   4.000414
 652        "k-a+s"    1   16.774149   2.329639  44.561443
 653        "k-a+w"    1   20.989090   2.020122   5.278598
