   1        "k-e+m"    1    1.999995   8.000648  55.228184
   2           "sp"   19  993.740845
   3        "k-o+l"    1   12.990408  27.018469   2.991858
   4        "k-o+m"    1    7.000339  28.852110   1.144277
   5        "k-t+o"    1    3.962046  13.999197   0.999943
   6        "a-f+t"    1    0.999955   0.999955   0.999956
   7        "a-g+u"    1    8.035851   3.962173  21.000898
   8        "a-l+i"    1    1.013436   1.013433   1.015674
   9        "g-E+o"    1    2.999814   1.999655   0.999906
  10        "a-r+a"    1    0.999960   1.016576   0.999960
  11        "d-a+f"    1    4.872163   1.000720   0.999951
  12        "d-i+r"    1    0.999943   0.999943   0.999943
  13        "g-a+s"    2    5.008495   5.984961   3.007872
  14        "t-a+r"    1    1.013741   2.105126   0.999987
  15          "E-o"    1    7.112944 108.905281   1.941202
  16          "E-s"    1    9.675170   2.245082   5.235471
  17        "t-o+r"    1    0.999943   0.999943   0.999943
  18        "g-u+s"    1    0.999971   0.999971   0.999971
  19        "t-u+g"    2    1.999856   5.001453  47.995632
  20          "a+g"    1    4.000157  12.997695  11.001467
  21          "a-h"    1    0.999960   0.999960   0.999960
  22          "a-r"    1    0.999948   2.003176   6.995606
  23          "a-s"    2    2.348882   2.683618   3.003752
  24          "b+u"    1    1.210507   1.210507   1.246236
  25        "m-b+a"    1    1.000172   1.000168   1.000195
  26          "d+a"    1    1.000737   1.000737   1.000820
  27          "d+i"    1    0.999943   0.999943   0.999943
  28          "f+i"    1    0.999930   0.999930   0.999932
  29          "g+E"    1   18.935226  12.019912   0.999906
  30          "i+s"    1    1.000004   1.999901   0.999959
  31          "k+e"    1    1.999995   0.999998   4.999989
  32          "k+o"    1   27.005623  38.006580   2.990970
  33          "k-a"    2    1.999911   1.999866   2.000023
  34          "l-i"    1    1.010318   1.004316   6.010674
  35          "p+o"    1    1.593941   1.593940   1.722517
  36        "m-p+r"    1    0.999983   0.999983   0.999983
  37          "r-i"    1    0.999943   0.999940   1.000072
  38          "s+e"    2   10.677996   8.165770  13.999042
  39          "s-i"    2   12.919680   2.009409   3.985924
  40          "t+u"    2    1.999856   1.999856   7.999032
  41          "sil"   10  696.339966 993.740845 434.562042
  42          "u-s"    1    1.000034   0.999973   6.016460
  43       "r-a+ng"    1    1.000538   1.005224   1.041289
  44        "p-o+s"    1    1.492947  14.344161   2.084782
  45        "p-r+E"    1    0.999983   0.999983   0.999983
  46        "f-i+s"    1    0.999915   1.000748   0.999923
  47        "s-e+k"    2    2.999895   3.999481  13.976225
  48        "s-i+k"    1    0.999939   1.002249   1.482635
  49        "s-i+s"    1    1.007120   1.003193   3.054595
  50        "f-t+a"    1    5.997758   1.603608   5.278453
  51        "i-k+a"    1    0.999908   0.999908   0.999908
  52        "E-k+t"    1    0.999954   1.003750   1.012976
  53        "i-r+E"    1    0.999943   0.999943   0.999943
  54        "i-s+i"    3   55.035458   5.305303   6.254354
  55        "l-a+h"    1    0.999959   0.999959   0.999959
  56         "a-ng"    1    1.889348   1.889332   2.121869
  57        "r-E+k"    1    0.999943   0.999943   7.020473
  58        "r-E+s"    1    0.999983   0.999983   0.999983
  59        "b-a+l"    1    1.000241   5.727111   1.001014
  60        "o-l+a"    1    0.999965   0.999965   0.999966
  61        "o-m+p"    1    0.999983   0.999983   0.999983
  62        "b-u+k"    1    0.999971   0.999971   1.055074
  63        "o-r+i"    1    0.999943   0.999943   0.999943
  64        "o-s+i"    1    3.659735  18.070801   4.206807
  65        "e-k+a"    1    7.024085  29.977425   7.147132
  66        "e-k+o"    1    0.999963  16.968063  11.028034
  67        "e-m+b"    1    1.000186   1.000182   1.000209
  68        "u-g+a"    2    1.999847   1.999847   1.999848
  69        "u-k+a"    1    9.208325  18.720896  13.000086
  70        "k-a+r"    1    0.999977   1.001061   1.855657
